1
2
4
5
6
7
8
9
10
11
12
13
14
15
16
17
18
19
20
21
22
23
24
25
26
27
28
29
30
31
32
33
34
35
36
37
38
39
40
41
42
43
45
46
47
48
50
51
52
53
54
55
56
57
58
59
60
61
62
63
64
65
66
67
68
69
70
71
72
73
74
75
76
77
78
79
80
81
82
83
84
85
86
87
88
89
90
91
92
93
94
95
96
97
98
99
100
101
102
103
104
105
106
107
108
109
110
111
112
113
114
115
116
117
118
119
120
121
122
123
124
125
126
127
128
129
130
131
132
133
134
135
136
137
138
139
140
141
142
143
144
145
146
147
148
149
150
151
152
153
154
155
157
159
160
162
163
164
165
166
167
168
169
170
171
172
173
174
175
176
177
178
179
180
181
183
184
185
186
187
188
189
190
191
192
193
194
195
196
197
198
199
200
201
202
203
204
205
206
207
208
209
210
211
212
213
214
215
216
217
218
219
220
221
222
224
225
226
227
228
229
230
231
232
233
234
235
236
237
238
239
240
241
242
243
244
245
246
247
248
249
250
251
252
253
254
255
256
257
258
259
260
261
262
263
264
265
266
267
268
269
270
271
272
273
274
275
276
277
280
281
282
283
284
285
286
287
288
289
290
291
292
293
294
295
296
297
298
299
301
302
303
304
305
306
307
308
309
310
311
312
313
314
315
316
317
318
319
320
321
322
323
324
325
326
327
328
329
330
331
332
333
334
335
337
338
340
341
342
343
344
345
346
347
348
349
350
351
352
353
354
355
356
357
358
359
360
361
362
363
364
365
366
367
369
370
371
372
373
374
375
376
377
378
379
380
381
382
383
384
385
387
388
389
390
391
392
393
395
396
397
398
399
401
402
403
404
405
406
407
408
409
410
411
412
413
414
415
416
417
418
419
420
421
422
423
424
425
426
427
429
430
431
432
433
434
435
436
437
439
440
441
442
443
444
445
446
447
448
449
450
451
452
453
454
455
456
457
458
459
460
461
462
463
464
465
466
467
468
469
470
471
472
473
474
475
476
477
478
479
480
481
482
483
484
486
487
488
489
490
492
493
494
495
497
498
499
500
501
502
503
504
505
506
507
508
509
511
512
513
514
515
516
518
519
520
521
522
523
524
525
526
527
528
529
530
531
532
533
534
535
536
538
539
540
541
542
543
544
545
546
547
548
549
550
551
552
553
554
555
556
557
558
559
560
561
562
563
565
566
567
568
569
570
571
572
573
574
575
576
577
578
579
580
581
582
583
584
585
586
587
588
589
590
591
592
593
594
595
596
597
598
599
600
601
602
603
604
605
606
607
608
609
610
611
612
613
614
615
616
617
618
619
620
621
622
623
624
625
626
627
628
629
630
632
633
635
636
637
638
639
640
641
642
643
644
645
646
648
649
650
651
652
653
654
655
656
657
658
659
660
661
663
664
665
666
667
668
669
670
671
672
673
674
675
676
677
678
679
680
681
682
683
684
686
687
688
689
690
691
692
693
694
695
696
698
699
700
701
702
703
706
707
708
709
710
711
712
713
714
715
716
717
718
719
720
721
722
723
724
725
726
727
728
729
730
731
732
733
734
735
736
738
739
740
741
742
743
744
745
746
747
748
749
750
751
752
753
754
755
756
757
758
759
760
761
762
764
765
766
767
768
770
771
772
773
774
775
776
777
778
779
780
781
782
783
785
786
787
788
790
791
792
793
794
795
796
797
798
799
800
801
802
803
804
805
807
808
809
810
811
812
813
814
816
817
818
819
820
822
823
824
825
826
827
828
829
830
831
832
833
834
835
836
837
838
839
840
841
842
844
845
846
847
848
849
850
851
852
853
854
855
856
857
858
859
860
861
862
863
864
866
867
868
869
870
871
872
873
874
875
876
877
878
879
880
881
882
883
884
885
886
887
888
889
890
891
892
893
894
895
896
897
899
900
901
902
903
904
905
906
907
909
910
911
912
913
914
915
916
917
918
919
920
921
923
924
925
926
927
928
929
930
931
932
933
934
935
936
937
938
939
940
941
942
943
945
946
947
948
949
950
951
952
953
954
955
956
957
958
960
961
962
963
964
965
966
967
968
969
970
971
972
973
974
975
976
977
978
979
981
982
983
985
986
987
988
989
990
991
992
993
994
995
996
997
998
999
1000
1001
1002
1003
1004
1005
1006
1007
1008
1009
1010
1011
1012
1013
1014
1015
1016
1017
1018
1019
1020
1021
1022
1023
1024
1025
1026
1027
1028
1029
1030
1031
1032
1033
1034
1035
1036
1037
1038
1039
1040
1041
1042
1043
1044
1045
1046
1047
1048
1049
1050
1051
1052
1053
1054
1055
1057
1058
1059
1060
1061
1063
1064
1065
1066
1067
1068
1069
1070
1071
1072
1073
1074
1075
1076
1077
1078
1079
1080
1081
1082
1083
1084
1085
1086
1087
1088
1089
1090
1091
1092
1093
1094
1095
1096
1097
1098
1099
1100
1101
1102
1103
1104
1105
1106
1107
1108
1109
1110
1111
1112
1113
1114
1115
1116
1117
1118
1119
1120
1121
1125
1126
1127
1128
1129
1130
1131
1132
1133
1134
1135
1136
1137
1138
1139
1140
1141
1142
1143
1144
1145
1146
1147
1148
1149
1150
1151
1152
1154
1155
1157
1158
1159
1160
1161
1162
1163
1164
1165
1166
1168
1169
1170
1171
1172
1173
1174
1175
1176
1177
1178
1179
1180
1181
1182
1183
1184
1186
1187
1188
1189
1190
1191
1192
1193
1194
1195
1196
1197
1198
1199
1200
1201
1202
1203
1204
1205
1206
1207
1208
1209
1210
1211
1212
1213
1214
1215
1216
1217
1218
1219
1221
1222
1223
1224
1225
1226
1227
1228
1229
1230
1231
1232
1233
1234
1235
1236
1237
1238
1239
1240
1241
1242
1243
1244
1245
1246
1247
1249
1250
1252
1253
1254
1255
1256
1257
1258
1259
1260
1261
1262
1263
1264
1266
1267
1268
1269
1270
1271
1272
1274
1275
1276
1277
1278
1279
1280
1281
1282
1283
1284
1285
1286
1287
1288
1289
1290
1291
1292
1293
1294
1295
1296
1297
1299
1300
1301
1302
1303
1304
1305
1306
1307
1308
1309
1310
1311
1312
1314
1315
1316
1317
1318
1319
1320
1321
1322
1323
1324
1326
1327
1328
1329
1330
1331
1332
1333
1334
1335
1336
1337
1338
1339
1340
1341
1342
1343
1344
1345
1346
1347
1348
1349
1351
1352
1353
1354
1355
1356
1357
1358
1359
1360
1361
1362
1363
1364
1365
1366
1367
1368
1369
1370
1371
1372
1373
1374
1375
1376
1377
1378
1379
1380
1381
1382
1383
1384
1385
1386
1387
1388
1389
1390
1391
1392
1393
1394
1395
1396
1397
1398
1399
1400
1401
1402
1403
1404
1405
1406
1407
1408
1409
1410
1411
1412
1413
1414
1417
1418
1419
1420
1421
1422
1423
1424
1425
1426
1427
1428
1429
1430
1431
1432
1433
1434
1435
1436
1437
1438
1439
1440
1441
1442
1443
1444
1445
1446
1447
1448
1450
1451
1452
1453
1454
1455
1456
1457
1458
1459
1462
1463
1464
1465
1466
1467
1468
1469
1470
1471
1472
1473
1474
1475
1476
1477
1478
1479
1480
1481
1482
1483
1484
1485
1486
1487
1488
1489
1490
1491
1492
1493
1494
1495
1496
1497
1498
1499
1500
1501
1502
1503
1505
1506
1507
1508
1509
1510
1511
1512
1513
1514
1515
1516
1517
1518
1519
1520
1521
1522
1523
1524
1525
1526
1527
1528
1529
1530
1531
1532
1533
1534
1535
1536
1538
1539
1540
1541
1542
1543
1544
1545
1546
1547
1548
1549
1550
1551
1552
1553
1554
1555
1556
1557
1558
1559
1560
1561
1562
1563
1564
1565
1566
1568
1569
1571
1572
1573
1574
1575
1576
1577
1578
1579
1580
1581
1582
1583
1584
1585
1586
1587
1589
1590
1591
1592
1593
1594
1595
1596
1597
1598
1599
1600
1601
1602
1603
1605
1606
1607
1608
1609
1610
1611
1612
1613
1614
1615
1616
1617
1618
1620
1621
1622
1623
1624
1625
1626
1627
1628
1629
1630
1631
1632
1633
1634
1635
1636
1637
1638
1639
1640
1641
1642
1643
1644
1645
1646
1647
1648
1649
1650
1651
1652
1653
1654
1655
1656
1657
1658
1659
1660
1661
1662
1663
1664
1665
1666
1667
1668
1669
1670
1671
1672
1673
1674
1675
1676
1677
1678
1679
1680
1681
1682
1683
1684
1685
1686
1688
1689
1690
1691
1692
1693
1694
1695
1696
1697
1698
1699
1700
1701
1702
1703
1704
1706
1707
1708
1709
1710
1711
1712
1713
1714
1715
1716
1717
1718
1719
1720
1721
1722
1723
1724
1725
1726
1727
1728
1729
1730
1731
1732
1733
1734
1735
1736
1737
1738
1739
1740
1741
1742
1743
1744
1745
1746
1747
1748
1749
1750
1751
1752
1753
1756
1757
1758
1759
1760
1761
1762
1763
1764
1765
1766
1767
1768
1769
1770
1771
1772
1773
1774
1775
1776
1777
1778
1779
1780
1781
1782
1783
1784
1785
1786
1787
1788
1789
1790
1791
1792
1793
1794
1795
1796
1797
1798
1799
1800
1801
1802
1803
1804
1805
1806
1807
1808
1809
1810
1811
1812
1813
1814
1815
1816
1817
1818
1819
1820
1821
1822
1823
1824
1825
1826
1827
1828
1829
1830
1831
1832
1833
1834
1835
1836
1837
1838
1839
1840
1841
1842
1843
1844
1845
1846
1847
1848
1849
1850
1851
1854
1855
1856
1857
1858
1859
1860
1861
1862
1863
1864
1865
1866
1867
1868
1869
1870
1871
1872
1873
1874
1875
1876
1877
1878
1879
1880
1881
1882
1883
1884
1885
1886
1887
1888
1889
1890
1891
1892
1893
1894
1895
1896
1897
1898
1899
1900
1901
1902
1903
1904
1905
1906
1907
1908
1909
1910
1911
1912
1913
1914
1915
1916
1917
1918
1919
1920
1921
1922
1923
1924
1925
1926
1927
1928
1929
1930
1931
1932
1933
1934
1937
1938
1939
1940
1941
1942
1943
1944
1945
1946
1947
1948
1949
1950
1951
1952
1953
1954
1955
1956
1957
1958
1959
1960
1961
1962
1963
1964
1967
1968
1969
1970
1971
1972
1973
1974
1975
1976
1977
1978
1979
1980
1981
1982
1983
1984
1985
1986
1987
1988
1989
1990
1991
1992
1994
1995
1996
1997
1998
1999
2000
2001
2002
2003
2004
2005
2006
2007
2008
2009
2010
2011
2012
2013
2014
2015
2016
2017
2018
2019
2020
2021
2022
2023
2024
2025
2026
2030
2031
2032
2033
2034
2035
2036
2037
2038
2039
2040
2041
2042
2043
2044
2045
2046
2047
2048
2049
2050
2051
2052
2053
2054
2055
2056
2057
2058
2059
2060
2061
2062
2063
2064
2065
2066
2067
2068
2069
2070
2071
2072
2073
2074
2075
2076
2077
2078
2079
2080
2082
2083
2084
2085
2086
2087
2088
2089
2090
2091
2093
2094
2095
2096
2097
2098
2099
2100
2101
2102
2103
2104
2105
2106
2107
2108
2109
2110
2111
2112
2113
2114
2115
2116
2117
2118
2119
2120
2121
2122
2124
2125
2126
2127
2128
2129
2130
2131
2132
2133
2134
2135
2136
2137
2138
2139
2140
2141
2142
2143
2144
2145
2146
2147
2148
2149
2150
2151
2152
2153
2155
2156
2157
2158
2159
2160
2161
2162
2163
2164
2165
2166
2167
2168
2169
2170
2171
2172
2173
2174
2175
2176
2177
2178
2179
2181
2182
2183
2184
2185
2186
2187
2188
2189
2190
2191
2192
2193
2194
2195
2196
2197
2198
2199
2200
2201
2202
2203
2204
2205
2207
2208
2209
2210
2211
2212
2213
2214
2215
2216
2217
2218
2219
2220
2221
2222
2223
2224
2225
2226
2227
2228
2229
2230
2231
2232
2234
2235
2236
2237
2238
2239
2240
2241
2242
2243
2244
2245
2246
2247
2248
2249
2250
2251
2252
2253
2254
2255
2256
2257
2258
2259
2260
2261
2262
2263
2264
2265
2266
2267
2268
2269
2270
2271
2272
2273
2274
2275
2276
2277
2278
2279
2280
2281
2282
2283
2285
2286
2287
2288
2289
2290
2291
2292
2293
2295
2296
2297
2298
2299
2300
2301
2302
2303
2304
2305
2306
2307
2308
2309
2310
2311
2312
2313
2314
2315
2316
2317
2318
2319
2320
2321
2322
2323
2324
2325
2326
2328
2329
2330
2331
2332
2333
2334
2335
2336
2337
2338
2339
2340
2341
2342
2343
2344
2345
2346
2347
2348
2349
2350
2351
2352
2353
2354
2355
2356
2357
2358
2359
2360
2361
2362
2363
2364
2365
2366
2367
2368
2369
2370
2371
2372
2373
2374
2375
2376
2377
2378
2379
2380
2381
2382
2383
2384
2385
2386
2387
2388
2389
2390
2391
2392
2393
2394
2395
2396
2397
2398
2399
2400
2401
2402
2403
2404
2405
2406
2407
2408
2409
2410
2411
2412
2413
2414
2415
2416
2417
2418
2419
2420
2421
2422
2423
2424
2426
2427
2428
2430
2431
2432
2433
2434
2435
2436
2437
2438
2439
2440
2441
2442
2443
2444
2445
2446
2447
2448
2449
2451
2452
2453
2454
2455
2456
2457
2458
2459
2460
2461
2462
2463
2464
2465
2466
2467
2468
2469
2470
2471
2472
2473
2474
2475
2476
2477
2480
2481
2482
2483
2484
2485
2486
2487
2488
2489
2490
2491
2492
2493
2494
2495
2496
2497
2499
2500
2501
2502
2503
2504
2505
2506
2507
2508
2509
2510
2511
2512
2513
2514
2515
2516
2517
2518
2519
2520
2521
2522
2523
2524
2525
2526
2527
2528
2529
2530
2531
2532
2533
2534
2535
2536
2537
2538
2539
2540
2541
2542
2543
2544
2547
2548
2549
2550
2551
2552
2553
2554
2555
2556
2557
2558
2559
2560
2561
2562
2563
2564
2565
2566
2567
2568
2569
2570
2571
2572
2573
2574
2575
2576
2577
2578
2579
2580
2581
2582
2583
2584
2585
2586
2587
2588
2589
2590
2591
2592
2593
2594
2595
2596
2597
2598
2599
2600
2601
2602
2603
2604
2605
2606
2609
2610
2611
2612
2613
2614
2615
2616
2617
2618
2619
2620
2621
2622
2623
2624
2625
2626
2627
2628
2629
2630
2631
2632
2633
2634
2635
2636
2637
2638
2639
2640
2641
2642
2643
2644
2645
2646
2647
2648
2649
2650
2651
2652
2653
2654
2655
2656
2657
2658
2659
2660
2661
2662
2663
2664
2665
2666
2667
2668
2669
2670
2671
2672
2673
2674
2675
2676
2677
2678
2679
2680
2681
2682
2683
2684
2685
2686
2687
2688
2689
2690
2691
2692
2693
2694
2695
2696
2697
2698
2699
2700
2701
2702
2703
2704
2706
2707
2708
2709
2710
2711
2712
2713
2714
2715
2716
2717
2718
2719
2720
2721
2722
2723
2724
2725
2726
2727
2728
2729
2730
2731
2732
2733
2734
2735
2736
2737
2738
2739
2740
2741
2742
2743
2744
2745
2746
2747
2748
2749
2750
2751
2752
2753
2754
2755
2756
2757
2758
2759
2760
2761
2762
2763
2764
2765
2766
2767
2768
2769
2770
2771
2772
2773
2774
2776
2777
2778
2779
2780
2781
2782
2783
2784
2785
2786
2787
2788
2789
2790
2791
2792
2793
2794
2795
2796
2797
2798
2799
2800
2801
2803
2804
2805
2806
2807
2808
2810
2811
2812
2813
2814
2815
2816
2817
2818
2819
2820
2821
2822
2823
2824
2825
2826
2827
2828
2829
2830
2831
2832
2833
2834
2835
2836
2837
2838
2839
2840
2841
2842
2843
2846
2847
2848
2849
2850
2851
2852
2853
2854
2855
2856
2857
2858
2859
2860
2861
2862
2863
2864
2865
2866
2867
2868
2869
2870
2871
2872
2873
2874
2875
2876
2877
2878
2879
2880
2881
2882
2883
2884
2885
2886
2887
2888
2889
2890
2891
2892
2893
2894
2895
2896
2897
2898
2899
2900
2901
2902
2903
2904
2905
2906
2907
2908
2909
2910
2911
2912
2913
2914
2915
2916
2917
2918
2920
2921
2922
2923
2924
2925
2926
2927
2928
2929
2930
2931
2932
2933
2934
2935
2937
2938
2939
2940
2941
2942
2943
2944
2945
2946
2947
2948
2949
2950
2951
2952
2953
2954
2956
2957
2958
2959
2960
2961
2962
2963
2964
2965
2966
2967
2968
2969
2970
2971
2972
2973
2974
2975
2976
2977
2978
2979
2980
2981
2982
2983
2984
2985
2986
2987
2988
2989
2990
2991
2992
2993
2994
2995
2996
2997
2998
2999
3000
3001
3002
3003
3004
3005
3006
3008
3010
3011
3012
3013
3014
3015
3016
3017
3018
3019
3020
3021
3022
3023
3024
3025
3026
3027
3028
3029
3031
3033
3034
3035
3036
3037
3038
3039
3040
3041
3042
3043
3044
3045
3046
3047
3048
3049
3050
3051
3052
3053
3054
3055
3056
3057
3058
3059
3060
3061
3062
3063
3064
3065
3066
3067
3068
3069
3070
3071
3072
3073
3074
3075
3076
3077
3078
3079
3080
3081
3082
3083
3084
3085
3086
3087
3088
3089
3090
3092
3093
3094
3096
3099
3100
3101
3102
3103
3104
3105
3106
3107
3108
3109
3110
3111
3112
3113
3114
3115
3116
3117
3118
3119
3120
3121
3122
3123
3124
3125
3126
3127
3129
3130
3131
3132
3133
3134
3135
3136
3137
3138
3139
3140
3141
3142
3143
3144
3145
3146
3147
3148
3149
3150
3151
3152
3153
3154
3155
3156
3157
3158
3159
3161
3162
3163
3165
3166
3167
3168
3169
3170
3171
3172
3173
3174
3175
3176
3177
3178
3179
3180
3181
3182
3183
3184
3186
3187
3188
3190
3191
3192
3193
3194
3195
3196
3197
3198
3199
3200
3201
3203
3204
3205
3206
3207
3208
3209
3210
3211
3212
3213
3214
3216
3217
3218
3219
3221
3222
3223
3224
3225
3226
3227
3228
3229
3230
3231
3232
3233
3234
3235
3236
3237
3238
3239
3240
3241
3242
3243
3244
3245
3246
3247
3248
3249
3250
3251
3252
3253
3254
3255
3256
3257
3258
3259
3260
3261
3262
3263
3264
3265
3266
3267
3268
3269
3270
3271
3272
3273
3274
3275
3276
3277
3278
3279
3282
3283
3284
3285
3286
3287
3288
3289
3290
3291
3292
3293
3294
3295
3296
3297
3298
3299
3300
3301
3302
3303
3305
3306
3307
3308
3310
3311
3312
3313
3314
3315
3316
3317
3318
3319
3320
3321
3322
3323
3324
3325
3326
3327
3328
3329
3330
3331
3332
3333
3334
3335
3337
3338
3339
3340
3341
3342
3343
3344
3345
3346
3347
3348
3349
3350
3351
3352
3353
3354
3355
3356
3357
3359
3361
3362
3363
3364
3365
3366
3367
3368
3369
3370
3371
3372
3373
3374
3375
3376
3377
3378
3379
3380
3381
3382
3383
3384
3385
3386
3387
3388
3389
3390
3391
3392
3393
3394
3395
3396
3397
3398
3399
3400
3401
3402
3403
3404
3405
3406
3407
3408
3409
3410
3411
3412
3413
3414
3416
3417
3418
3419
3420
3421
3423
3424
3425
3426
3427
3428
3429
3430
3431
3432
3433
3434
3435
3436
3437
3438
3440
3441
3442
3443
3444
3445
3446
3447
3448
3449
3454
3455
3456
3457
3458
3459
3460
3461
3462
3463
3464
3465
3466
3467
3468
3469
3470
3471
3472
3473
3474
3475
3476
3477
3478
3479
3480
3481
3482
3483
3484
3485
3486
3487
3488
3489
3490
3491
3492
3493
3494
3495
3496
3497
3498
3499
3500
3501
3502
3503
3504
3505
3506
3507
3509
3510
3511
3512
3513
3514
3515
3516
3517
3518
3519
3520
3521
3522
3523
3524
3525
3526
3527
3528
3530
3531
3532
3533
3534
3535
3536
3537
3538
3539
3540
3541
3542
3543
3544
3545
3546
3547
3549
3550
3551
3552
3553
3555
3556
3560
3561
3562
3563
3564
3565
3566
3567
3568
3569
3570
3571
3572
3573
3575
3576
3577
3578
3579
3580
3581
3582
3583
3584
3585
3586
3587
3588
3589
3590
3591
3592
3593
3594
3595
3598
3599
3600
3601
3602
3603
3604
3605
3606
3607
3608
3609
3610
3611
3612
3613
3615
3616
3617
3618
3619
3620
3621
3622
3624
3625
3626
3627
3628
3629
3630
3631
3632
3633
3634
3635
3636
3637
3638
3639
3640
3641
3642
3643
3644
3645
3646
3647
3648
3649
3650
3651
3652
3653
3654
3656
3657
3658
3659
3660
3661
3662
3663
3664
3665
3666
3667
3668
3669
3670
3671
3672
3673
3674
3675
3676
3677
3678
3679
3681
3682
3683
3689
3690
3691
3692
3693
3694
3695
3696
3697
3698
3699
3700
3701
3702
3703
3704
3705
3706
3707
3708
3709
3710
3711
3712
3713
3714
3715
3716
3717
3718
3719
3720
3723
3724
3725
3726
3727
3728
3729
3730
3731
3732
3733
3734
3735
3736
3737
3738
3739
3740
3741
3742
3743
3744
3745
3746
3747
3748
3749
3750
3752
3753
3754
3755
3757
3760
3761
3762
3763
3764
3765
3766
3767
3768
3769
3770
3771
3772
3773
3774
3775
3776
3777
3778
3779
3780
3781
3782
3783
3786
3787
3788
3789
3790
3791
3792
3793
3794
3795
3796
3797
3798
3799
3800
3801
3802
3803
3804
3805
3806
3807
3808
3809
3810
3811
3813
3816
3817
3818
3819
3820
3821
3822
3823
3824
3825
3826
3828
3829
3830
3831
3832
3833
3834
3835
3836
3837
3838
3843
3844
3845
3846
3847
3848
3849
3850
3851
3852
3853
3854
3855
3856
3858
3859
3860
3861
3862
3863
3864
3865
3866
3867
3868
3869
3870
3871
3872
3873
3874
3875
3876
3877
3878
3879
3880
3881
3882
3883
3885
3886
3887
3888
3889
3890
3891
3892
3893
3894
3895
3896
3897
3898
3899
3900
3901
3902
3903
3904
3906
3907
3908
3910
3911
3912
3913
3914
3915
3916
3917
3918
3919
3922
3923
3924
3925
3926
3927
3928
3929
3930
3931
3932
3934
3935
3936
3937
3938
3939
3940
3941
3942
3943
3945
3946
3947
3948
3949
3950
3951
3952
3953
3954
3955
3956
3957
3958
3959
3960
3961
3962
3963
3964
3965
3966
3968
3969
3970
3971
3974
3975
3976
3977
3978
3979
3980
3981
3982
3983
3984
3985
3986
3987
3988
3989
3990
3991
3992
3993
3996
3998
4000
4001
4004
4005
4006
4007
4008
4009
4010
4011
4012
4013
4014
4015
4016
4017
4018
4019
4020
4021
4022
4023
4024
4025
4026
4027
4028
4029
4031
4032
4033
4034
4036
4037
4042
4044
4045
4046
4047
4048
4049
4050
4051
4052
4053
4054
4056
4057
4058
4059
4060
4061
4062
4063
4064
4065
4066
4067
4068
4069
4070
4071
4072
4073
4074
4078
4079
4080
4081
4082
4083
4084
4085
4086
4087
4088
4089
4090
4091
4092
4093
4094
4095
4096
4097
4098
4099
4100
4101
4102
4103
4104
4105
4106
4107
4108
4113
4114
4115
4116
4117
4118
4119
4120
4121
4122
4123
4124
4125
4126
4127
4128
4129
4130
4131
4132
4133
4135
4136
4137
4138
4139
4140
4141
4142
4143
4144
4145
4146
4147
4148
4150
4151
4152
4153
4154
4155
4156
4157
4158
4159
4160
4161
4162
4163
4164
4165
4166
4167
4168
4169
4170
4171
4173
4174
4175
4180
4181
4182
4183
4184
4185
4186
4187
4188
4189
4190
4191
4193
4194
4195
4196
4197
4198
4199
4200
4201
4202
4204
4205
4206
4207
4208
4209
4210
4213
4214
4216
4217
4218
4219
4220
4221
4222
4223
4224
4225
4226
4227
4229
4230
4231
4232
4233
4234
4235
4236
4237
4238
4239
4240
4241
4242
4243
4246
4247
4250
4251
4252
4253
4254
4255
4256
4257
4258
4259
4260
4261
4262
4263
4264
4265
4266
4268
4269
4270
4271
4272
4273
4274
4275
4276
4277
4278
4279
4280
4281
4282
4283
4284
4287
4289
4290
4291
4292
4293
4294
4295
4296
4297
4298
4299
4300
4301
4302
4303
4304
4305
4306
4307
4308
4309
4310
4311
4312
4313
4314
4315
4317
4318
4319
4321
4325
4327
4328
4329
4330
4331
4332
4333
4334
4335
4336
4337
4338
4339
4340
4341
4342
4343
4344
4345
4346
4347
4348
4349
4350
4351
4352
4353
4354
4355
4356
4357
4358
4359
4360
4361
4362
4363
4364
4365
4366
4367
4368
4369
4370
4371
4372
4373
4374
4376
4377
4379
4380
4381
4382
4384
4385
4386
4387
4388
4389
4390
4393
4394
4395
4396
4397
4398
4399
4400
4401
4402
4403
4404
4405
4406
4407
4408
4409
4410
4411
4412
4413
4414
4415
4416
4417
4418
4419
4420
4422
4423
4424
4425
4426
4427
4428
4435
4436
4437
4438
4439
4440
4441
4442
4443
4444
4445
4446
4447
4448
4449
4450
4451
4452
4455
4456
4457
4458
4461
4465
4466
4467
4468
4469
4470
4471
4472
4473
4474
4475
4476
4477
4478
4479
4480
4481
4482
4483
4484
4485
4487
4488
4489
4490
4491
4492
4493
4495
4502
4503
4504
4505
4506
4507
4508
4509
4510
4512
4513
4514
4515
4516
4517
4518
4519
4520
4522
4523
4524
4525
4526
4529
4530
4531
4533
4534
4535
4536
4537
4538
4539
4540
4541
4542
4543
4544
4545
4546
4548
4549
4550
4551
4552
4553
4554
4555
4556
4557
4558
4559
4560
4561
4564
4565
4567
4569
4570
4571
4572
4573
4574
4575
4576
4577
4579
4580
4581
4582
4583
4584
4586
4587
4588
4589
4590
4591
4592
4593
4594
4595
4596
4597
4599
4600
4603
4605
4607
4609
4610
4611
4612
4613
4614
4615
4616
4617
4619
4620
4621
4622
4623
4624
4626
4627
4629
4630
4631
4633
4634
4637
4639
4640
4641
4643
4644
4645
4646
4647
4648
4649
4650
4651
4652
4653
4654
4655
4656
4657
4658
4659
4660
4661
4662
4663
4664
4665
4666
4667
4668
4669
4670
4672
4673
4674
4678
4679
4680
4681
4682
4683
4684
4685
4686
4687
4688
4690
4691
4692
4693
4694
4695
4696
4697
4698
4699
4700
4702
4703
4704
4705
4706
4708
4709
4710
4712
4713
4714
4715
4716
4717
4718
4719
4720
4721
4722
4723
4724
4725
4726
4727
4728
4729
4730
4731
4732
4733
4734
4735
4736
4737
4738
4739
4740
4741
4742
4743
4744
4745
4746
4747
4749
4750
4751
4752
4753
4754
4759
4761
4762
4763
4764
4765
4766
4767
4768
4769
4770
4771
4772
4773
4774
4775
4776
4777
4778
4779
4780
4783
4785
4786
4787
4788
4789
4791
4792
4793
4794
4795
4796
4797
4799
4800
4803
4804
4805
4806
4807
4808
4809
4810
4811
4812
4813
4814
4815
4816
4817
4818
4819
4820
4821
4822
4823
4824
4825
4826
4827
4828
4829
4830
4831
4833
4834
4835
4837
4841
4843
4846
4847
4848
4849
4850
4851
4852
4853
4854
4855
4856
4857
4858
4859
4860
4861
4862
4864
4865
4866
4868
4869
4870
4871
4872
4873
4874
4875
4876
4877
4879
4880
4881
4883
4884
4886
4887
4888
4889
4893
4894
4895
4896
4897
4898
4899
4900
4901
4902
4903
4904
4905
4906
4907
4908
4909
4910
4911
4912
4913
4914
4915
4916
4917
4918
4919
4920
4921
4922
4923
4924
4926
4928
4930
4934
4935
4936
4937
4938
4939
4940
4941
4942
4943
4944
4945
4946
4947
4948
4949
4950
4951
4953
4954
4955
4956
4957
4958
4959
4960
4961
4962
4964
4965
4967
4971
4972
4973
4974
4975
4976
4977
4978
4979
4981
4982
4983
4984
4985
4986
4987
4989
4990
4991
4992
4993
4994
4995
4996
4997
4998
4999
5000
5001
5002
5004
5005
5009
5011
5013
5014
5017
5018
5019
5020
5021
5022
5023
5024
5025
5026
5027
5028
5029
5030
5031
5032
5033
5034
5035
5036
5037
5039
5041
5043
5045
5046
5047
5048
5049
5050
5051
5052
5054
5055
5058
5060
5061
5064
5067
5068
5069
5070
5071
5072
5073
5074
5075
5076
5077
5078
5079
5080
5081
5082
5083
5084
5085
5086
5087
5088
5089
5090
5091
5092
5093
5094
5095
5097
5100
5102
5103
5106
5107
5108
5109
5110
5111
5112
5113
5114
5115
5116
5117
5118
5119
5120
5121
5122
5123
5124
5127
5128
5129
5130
5131
5133
5135
5139
5140
5141
5142
5143
5144
5145
5146
5147
5148
5149
5150
5151
5153
5154
5155
5156
5157
5158
5159
5160
5161
5162
5163
5164
5165
5166
5168
5169
5170
5171
5172
5173
5185
5186
5187
5188
5189
5190
5191
5193
5194
5195
5196
5197
5198
5199
5200
5202
5203
5206
5207
5208
5209
5211
5213
5215
5217
5219
5220
5221
5222
5223
5233
5235
5236
5237
5239
5240
5243
5244
5245
5246
5247
5248
5249
5250
5251
5252
5253
5255
5256
5257
5258
5259
5260
5261
5262
5263
5264
5265
5266
5267
5269
5272
5273
5275
5276
5278
5279
5281
5284
5286
5288
5289
5290
5291
5292
5294
5295
5296
5297
5298
5299
5301
5302
5303
5304
5305
5307
5308
5311
5312
5313
5314
5316
5318
5319
5320
5321
5322
5323
5324
5325
5327
5328
5330
5331
5333
5335
5336
5338
5342
5343
5344
5345
5346
5347
5349
5350
5351
5352
5353
5354
5355
5356
5357
5358
5359
5360
5361
5362
5363
5364
5366
5367
5369
5373
5374
5375
5376
5377
5378
5379
5380
5381
5383
5384
5385
5386
5387
5388
5389
5390
5391
5392
5393
5394
5395
5396
5397
5398
5399
5400
5401
5402
5403
5406
5410
5412
5413
5415
5416
5417
5418
5419
5420
5421
5422
5423
5424
5425
5426
5427
5428
5429
5431
5432
5433
5434
5435
5438
5439
5440
5441
5442
5443
5446
5448
5450
5452
5454
5457
5458
5460
5461
5462
5463
5464
5465
5466
5467
5468
5469
5470
5471
5472
5473
5474
5475
5476
5477
5478
5479
5480
5485
5486
5487
5488
5490
5491
5492
5493
5494
5496
5500
5505
5506
5507
5508
5509
5510
5511
5512
5513
5514
5515
5516
5518
5519
5520
5521
5523
5524
5525
5526
5528
5529
5530
5532
5534
5537
5538
5541
5543
5544
5545
5546
5547
5548
5549
5550
5551
5552
5553
5554
5555
5556
5557
5558
5559
5560
5561
5562
5563
5564
5565
5566
5567
5568
5569
5570
5571
5573
5574
5575
5578
5581
5586
5587
5588
5589
5590
5592
5593
5594
5595
5596
5597
5598
5600
5601
5604
5605
5606
5607
5608
5609
5610
5612
5613
5614
5615
5616
5617
5618
5619
5620
5621
5622
5623
5624
5627
5628
5629
5632
5639
5640
5641
5642
5643
5644
5645
5646
5647
5648
5649
5651
5652
5653
5654
5655
5656
5657
5658
5659
5660
5662
5663
5665
5668
5669
5670
5671
5672
5674
5676
5678
5684
5687
5688
5689
5690
5691
5693
5695
5696
5697
5698
5699
5700
5701
5702
5703
5705
5707
5709
5710
5713
5716
5719
5722
5724
5727
5729
5730
5731
5732
5733
5734
5735
5736
5737
5738
5739
5740
5741
5742
5743
5744
5745
5746
5747
5748
5749
5750
5752
5754
5755
5756
5759
5761
5767
5769
5773
5776
5777
5780
5781
5782
5784
5785
5787
5788
5789
5790
5791
5792
5793
5794
5795
5796
5797
5799
5800
5801
5803
5804
5805
5806
5808
5809
5810
5811
5812
5813
5814
5815
5817
5818
5819
5822
5823
5824
5827
5828
5829
5837
5839
5842
5843
5845
5846
5847
5848
5849
5850
5851
5852
5853
5854
5855
5856
5857
5858
5859
5860
5861
5863
5864
5868
5869
5870
5874
5877
5882
5883
5885
5886
5887
5888
5890
5891
5892
5893
5894
5895
5897
5899
5900
5901
5902
5903
5904
5905
5906
5907
5908
5909
5910
5911
5912
5913
5914
5915
5916
5918
5919
5924
5929
5935
5936
5937
5938
5941
5942
5943
5944
5946
5948
5949
5950
5952
5957
5959
5961
5962
5963
5964
5965
5966
5967
5969
5970
5974
5977
5979
5986
5989
5996
5997
5998
5999
6000
6001
6002
6003
6004
6005
6006
6007
6008
6009
6010
6011
6012
6013
6014
6015
6016
6017
6018
6019
6020
6022
6023
6024
6025
6028
6029
6030
6033
6035
6036
6037
6038
6044
6049
6056
6057
6058
6059
6060
6061
6062
6063
6064
6065
6066
6067
6068
6069
6070
6071
6072
6073
6074
6075
6076
6077
6081
6083
6084
6086
6087
6090
6091
6093
6096
6097
6103
6109
6113
6114
6115
6116
6117
6118
6120
6121
6122
6123
6124
6125
6127
6128
6129
6130
6131
6132
6133
6134
6135
6136
6137
6138
6139
6140
6141
6142
6143
6145
6146
6147
6149
6150
6151
6152
6154
6155
6156
6161
6162
6164
6168
6178
6179
6185
6186
6187
6189
6190
6191
6193
6194
6195
6196
6197
6198
6199
6201
6202
6203
6204
6205
6206
6207
6208
6209
6210
6211
6212
6215
6217
6220
6224
6225
6229
6234
6235
6236
6238
6239
6240
6241
6242
6243
6244
6245
6246
6248
6249
6250
6251
6252
6253
6254
6255
6256
6257
6258
6259
6260
6261
6262
6263
6266
6267
6268
6269
6270
6271
6272
6273
6274
6275
6276
6280
6282
6283
6284
6285
6286
6289
6294
6298
6299
6300
6303
6307
6308
6309
6310
6311
6312
6313
6314
6315
6316
6317
6320
6321
6324
6325
6327
6328
6329
6330
6331
6332
6333
6334
6335
6336
6337
6338
6339
6340
6342
6344
6346
6347
6348
6350
6351
6352
6353
6354
6355
6356
6357
6358
6359
6360
6361
6363
6373
6382
6383
6384
6385
6386
6387
6388
6389
6390
6391
6392
6395
6396
6397
6398
6401
6403
6404
6405
6406
6407
6408
6409
6410
6413
6414
6415
6417
6419
6426
6431
6439
6440
6441
6443
6444
6446
6447
6448
6449
6450
6451
6453
6454
6455
6456
6458
6459
6460
6462
6463
6464
6465
6466
6470
6475
6476
6480
6485
6487
6490
6496
6500
6501
6502
6503
6504
6505
6506
6508
6510
6511
6512
6513
6514
6515
6516
6517
6518
6519
6522
6523
6524
6525
6527
6528
6529
6531
6535
6537
6540
6543
6552
6558
6562
6563
6564
6565
6566
6567
6568
6569
6570
6571
6572
6573
6574
6575
6576
6577
6578
6579
6581
6583
6585
6586
6588
6590
6591
6592
6593
6594
6595
6596
6597
6598
6602
6603
6615
6620
6621
6623
6626
6627
6629
6630
6632
6633
6634
6635
6636
6637
6638
6639
6642
6643
6644
6645
6646
6647
6648
6650
6653
6654
6655
6656
6657
6658
6660
6661
6662
6663
6665
6666
6672
6674
6675
6677
6685
6689
6691
6697
6703
6706
6707
6712
6714
6715
6717
6718
6719
6720
6721
6722
6723
6724
6725
6726
6727
6728
6729
6730
6731
6732
6733
6734
6735
6736
6738
6740
6741
6742
6745
6746
6747
6748
6749
6750
6752
6753
6754
6755
6757
6758
6760
6762
6764
6766
6768
6775
6782
6784
6788
6790
6792
6793
6795
6798
6800
6801
6803
6804
6805
6806
6807
6808
6809
6810
6811
6812
6813
6814
6815
6817
6818
6819
6824
6825
6826
6827
6828
6831
6832
6833
6835
6838
6841
6842
6855
6859
6878
6879
6880
6883
6884
6885
6886
6887
6889
6890
6891
6892
6893
6895
6897
6899
6901
6902
6904
6905
6906
6907
6909
6910
6912
6913
6915
6919
6921
6943
6950
6951
6954
6958
6959
6961
6962
6963
6964
6965
6966
6967
6968
6969
6970
6971
6972
6973
6975
6976
6977
6978
6980
6981
6982
6983
6984
6985
6986
6987
6988
6989
6990
6991
6992
6993
6994
6995
6997
6999
7000
7001
7002
7003
7004
7005
7006
7008
7010
7011
7012
7013
7014
7017
7019
7023
7028
7029
7031
7038
7043
7050
7051
7052
7053
7054
7055
7056
7057
7059
7060
7061
7063
7064
7065
7067
7068
7069
7070
7071
7072
7073
7074
7075
7076
7077
7080
7081
7083
7086
7087
7089
7090
7091
7092
7094
7095
7096
7099
7103
7113
7116
7118
7121
7126
7127
7135
7136
7137
7138
7141
7143
7144
7145
7146
7149
7151
7152
7154
7155
7157
7158
7159
7160
7162
7163
7164
7166
7168
7169
7170
7171
7172
7174
7175
7176
7181
7191
7193
7198
7201
7209
7212
7214
7217
7219
7220
7221
7222
7224
7225
7226
7227
7228
7229
7230
7231
7232
7233
7235
7236
7237
7238
7239
7240
7241
7242
7243
7244
7246
7248
7249
7250
7251
7253
7254
7255
7256
7257
7259
7264
7265
7266
7267
7268
7269
7271
7272
7275
7287
7291
7293
7296
7303
7312
7315
7317
7318
7320
7321
7323
7325
7326
7327
7328
7330
7331
7332
7334
7335
7337
7338
7339
7340
7341
7342
7343
7345
7346
7354
7355
7357
7358
7359
7361
7362
7365
7366
7368
7370
7382
7388
7392
7394
7403
7404
7406
7409
7411
7412
7413
7414
7415
7416
7417
7418
7419
7421
7422
7423
7424
7425
7426
7428
7429
7431
7433
7434
7435
7436
7437
7438
7439
7441
7442
7445
7446
7447
7448
7450
7451
7452
7458
7462
7465
7466
7467
7470
7472
7482
7490
7496
7498
7500
7501
7502
7503
7504
7506
7508
7509
7510
7512
7513
7515
7516
7517
7519
7520
7521
7522
7524
7526
7527
7528
7529
7530
7531
7532
7533
7534
7535
7536
7538
7539
7541
7542
7545
7549
7552
7553
7554
7555
7556
7557
7561
7562
7565
7566
7567
7569
7573
7578
7581
7596
7597
7598
7601
7605
7607
7608
7610
7611
7613
7614
7615
7616
7617
7618
7619
7620
7621
7623
7624
7625
7627
7629
7630
7631
7632
7633
7635
7636
7641
7642
7643
7644
7646
7647
7649
7656
7658
7659
7676
7679
7683
7689
7694
7698
7699
7700
7701
7702
7704
7705
7707
7708
7710
7712
7713
7714
7716
7718
7721
7725
7727
7729
7730
7731
7732
7735
7737
7740
7748
7749
7750
7751
7754
7755
7756
7763
7772
7776
7791
7796
7797
7809
7810
7811
7812
7813
7814
7815
7817
7819
7820
7821
7822
7826
7828
7830
7831
7832
7833
7834
7835
7837
7838
7839
7841
7842
7843
7845
7847
7848
7849
7850
7851
7854
7856
7857
7861
7863
7870
7871
7875
7884
7885
7891
7903
7904
7908
7914
7916
7919
7920
7921
7922
7923
7924
7925
7926
7927
7928
7929
7930
7931
7932
7934
7935
7937
7938
7939
7940
7942
7944
7945
7946
7947
7949
7950
7953
7954
7960
7961
7963
7968
7969
7975
7977
7979
7983
8003
8005
8016
8018
8025
8026
8028
8029
8030
8032
8033
8035
8036
8037
8038
8039
8040
8041
8042
8043
8045
8046
8047
8048
8051
8052
8053
8055
8056
8057
8059
8061
8063
8064
8065
8066
8067
8068
8070
8071
8072
8073
8079
8080
8082
8083
8095
8098
8099
8115
8120
8130
8132
8133
8136
8138
8141
8144
8145
8146
8147
8149
8150
8152
8153
8154
8155
8156
8159
8162
8163
8164
8165
8167
8169
8170
8171
8173
8175
8176
8177
8178
8180
8181
8183
8189
8191
8192
8194
8198
8199
8200
8235
8236
8240
8242
8249
8250
8251
8252
8255
8256
8257
8259
8260
8261
8262
8264
8265
8268
8270
8271
8272
8273
8274
8275
8276
8277
8278
8279
8283
8284
8285
8286
8288
8289
8294
8298
8299
8301
8303
8304
8305
8311
8314
8316
8322
8324
8326
8334
8343
8352
8361
8363
8364
8368
8371
8372
8375
8377
8380
8382
8383
8384
8385
8386
8388
8389
8390
8391
8392
8393
8394
8397
8398
8399
8403
8405
8412
8414
8419
8420
8422
8423
8424
8427
8430
8433
8437
8441
8443
8446
8456
8475
8489
8491
8492
8493
8494
8498
8500
8506
8508
8509
8511
8512
8513
8515
8516
8517
8519
8521
8522
8523
8527
8528
8529
8530
8531
8532
8533
8534
8535
8536
8537
8540
8541
8545
8546
8547
8548
8551
8552
8554
8555
8556
8557
8559
8560
8561
8562
8563
8570
8580
8581
8599
8600
8611
8620
8622
8625
8628
8629
8630
8631
8632
8643
8644
8645
8648
8649
8650
8651
8653
8654
8655
8656
8659
8660
8661
8664
8665
8666
8667
8668
8669
8672
8674
8675
8677
8679
8680
8681
8682
8684
8685
8690
8691
8692
8694
8695
8696
8698
8699
8700
8701
8710
8721
8729
8740
8754
8761
8762
8763
8764
8772
8773
8781
8782
8783
8786
8787
8790
8792
8793
8794
8795
8796
8798
8799
8800
8803
8805
8807
8809
8810
8812
8813
8814
8817
8818
8820
8821
8826
8828
8829
8830
8833
8834
8835
8836
8837
8838
8839
8840
8841
8842
8843
8846
8849
8850
8852
8858
8859
8860
8862
8863
8864
8881
8898
8906
8909
8914
8915
8925
8930
8933
8934
8939
8940
8943
8945
8946
8948
8949
8950
8952
8954
8955
8956
8957
8963
8965
8966
8967
8969
8973
8974
8975
8977
8978
8981
8985
8986
8989
8990
8992
8994
8995
8996
8998
8999
9001
9002
9003
9005
9006
9007
9008
9012
9019
9020
9024
9027
9028
9029
9046
9049
9053
9073
9084
9086
9087
9088
9093
9094
9095
9096
9098
9100
9101
9102
9104
9105
9107
9108
9111
9112
9113
9115
9116
9117
9120
9121
9122
9123
9124
9125
9131
9132
9135
9136
9137
9138
9140
9141
9142
9145
9146
9147
9158
9160
9165
9166
9178
9187
9216
9221
9222
9223
9227
9228
9237
9243
9246
9248
9249
9253
9255
9256
9259
9260
9262
9263
9264
9266
9267
9268
9269
9270
9271
9273
9274
9276
9277
9280
9281
9282
9284
9292
9302
9304
9326
9337
9338
9341
9347
9349
9359
9364
9375
9378
9388
9389
9390
9394
9396
9401
9402
9403
9404
9405
9407
9408
9412
9413
9414
9415
9416
9417
9419
9421
9422
9426
9427
9428
9429
9431
9433
9434
9435
9437
9438
9439
9442
9443
9444
9445
9447
9448
9449
9450
9452
9454
9464
9466
9467
9471
9473
9483
9487
9488
9501
9510
9523
9527
9528
9535
9540
9544
9554
9556
9557
9558
9559
9560
9562
9563
9564
9566
9567
9569
9571
9573
9575
9576
9577
9578
9579
9580
9582
9589
9590
9593
9594
9595
9596
9597
9598
9601
9612
9619
9630
9641
9646
9654
9664
9684
9685
9688
9697
9699
9701
9703
9704
9706
9715
9718
9719
9720
9722
9723
9725
9727
9732
9734
9736
9738
9739
9740
9741
9742
9743
9744
9745
9748
9750
9752
9753
9754
9755
9756
9759
9766
9768
9772
9773
9774
9775
9778
9779
9780
9781
9782
9783
9784
9785
9786
9788
9794
9797
9798
9800
9803
9807
9808
9809
9810
9823
9831
9849
9869
9873
9875
9876
9886
9889
9890
9893
9896
9898
9906
9907
9909
9923
9924
9926
9927
9931
9933
9934
9936
9937
9938
9939
9941
9942
9943
9945
9946
9947
9948
9949
9950
9951
9952
9955
9956
9957
9960
9964
9968
9969
9970
9971
9972
9973
9976
9978
9985
9986
9989
9993
9994
9996
9998
10000
10001
10003
10004
10007
10008
10009
10010
10044
10048
10052
10058
10071
10074
10076
10077
10078
10080
10081
10083
10085
10095
10096
10097
10098
10099
10100
10104
10105
10106
10107
10110
10111
10112
10113
10114
10115
10117
10118
10119
10121
10123
10124
10126
10128
10131
10148
10151
10152
10153
10155
10156
10157
10160
10161
10162
10163
10164
10165
10167
10168
10172
10179
10187
10188
10190
10192
10200
10201
10204
10206
10227
10234
10257
10259
10260
10263
10264
10281
10282
10283
10297
10298
10299
10300
10301
10303
10305
10306
10307
10308
10309
10310
10311
10313
10314
10316
10318
10319
10320
10322
10324
10325
10328
10331
10333
10336
10340
10341
10342
10343
10344
10345
10361
10376
10377
10382
10383
10385
10387
10389
10408
10411
10425
10426
10450
10451
10452
10453
10456
10457
10464
10465
10479
10481
10483
10485
10487
10490
10503
10504
10505
10506
10507
10508
10510
10512
10513
10515
10517
10518
10519
10520
10521
10526
10528
10530
10531
10533
10534
10536
10537
10539
10541
10544
10559
10560
10561
10562
10563
10566
10579
10580
10583
10600
10605
10607
10609
10610
10613
10614
10619
10620
10627
10628
10629
10674
10675
10676
10678
10681
10683
10684
10685
10692
10700
10702
10703
10706
10710
10711
10720
10723
10724
10725
10726
10727
10729
10730
10731
10732
10734
10737
10738
10740
10741
10742
10745
10746
10747
10750
10751
10753
10755
10760
10761
10762
10763
10765
10768
10771
10772
10780
10781
10782
10784
10785
10786
10788
10789
10790
10792
10811
10816
10817
10821
10825
10826
10833
10834
10835
10837
10838
10840
10842
10846
10847
10858
10872
10879
10883
10892
10895
10898
10900
10902
10904
10906
10918
10927
10928
10931
10932
10936
10939
10961
10962
10963
10964
10965
10966
10967
10968
10970
10973
10976
10977
10979
10981
10983
10985
10990
10992
10994
10997
10999
11003
11004
11013
11024
11027
11028
11029
11030
11031
11032
11033
11034
11035
11039
11042
11047
11048
11068
11076
11078
11079
11080
11081
11082
11083
11088
11102
11110
11113
11140
11143
11162
11164
11166
11167
11170
11178
11196
11199
11200
11201
11205
11206
11207
11208
11210
11212
11213
11221
11222
11225
11226
11228
11230
11233
11237
11238
11243
11247
11250
11252
11259
11262
11263
11264
11265
11267
11268
11269
11270
11272
11280
11285
11310
11319
11321
11322
11332
11338
11342
11345
11346
11353
11359
11362
11380
11381
11382
11383
11386
11387
11404
11405
11410
11411
11415
11417
11420
11423
11429
11449
11450
11451
11452
11453
11455
11456
11457
11458
11460
11461
11463
11467
11469
11473
11476
11477
11478
11483
11484
11499
11500
11501
11502
11503
11505
11506
11507
11508
11509
11510
11511
11512
11513
11514
11515
11516
11517
11518
11519
11520
11526
11528
11536
11557
11559
11563
11564
11568
11576
11587
11610
11611
11613
11614
11617
11618
11619
11620
11622
11627
11648
11650
11654
11658
11663
11667
11668
11669
11693
11694
11695
11696
11697
11698
11699
11703
11704
11705
11706
11707
11709
11710
11713
11715
11716
11721
11722
11723
11724
11728
11730
11732
11734
11735
11737
11739
11741
11743
11745
11746
11750
11756
11757
11758
11759
11761
11762
11764
11765
11768
11772
11788
11796
11801
11820
11829
11830
11831
11832
11833
11845
11847
11850
11858
11870
11880
11893
11894
11895
11900
11903
11911
11920
11925
11934
11935
11940
11942
11948
11964
11965
11974
11981
11986
11987
11989
11992
11993
11994
11995
11996
11997
11998
11999
12007
12011
12016
12017
12020
12022
12023
12024
12025
12026
12027
12035
12036
12039
12041
12042
12044
12045
12048
12049
12051
12052
12053
12054
12057
12058
12075
12084
12089
12110
12119
12120
12121
12124
12126
12128
12133
12136
12144
12146
12152
12171
12175
12180
12192
12193
12195
12199
12200
12201
12202
12205
12206
12209
12211
12223
12225
12226
12228
12229
12231
12233
12234
12238
12243
12246
12249
12250
12252
12253
12256
12261
12267
12273
12276
12278
12279
12280
12282
12283
12286
12287
12290
12293
12296
12298
12302
12303
12305
12308
12312
12313
12316
12317
12318
12320
12325
12326
12329
12342
12348
12350
12353
12354
12355
12356
12357
12360
12361
12363
12364
12378
12397
12404
12406
12414
12416
12417
12420
12430
12433
12450
12475
12477
12478
12479
12481
12482
12484
12486
12493
12500
12517
12519
12521
12523
12526
12527
12533
12538
12546
12554
12556
12562
12563
12565
12592
12593
12597
12598
12599
12602
12604
12605
12607
12609
12610
12615
12616
12617
12618
12619
12620
12624
12628
12631
12632
12634
12638
12641
12642
12644
12645
12661
12663
12664
12665
12666
12667
12669
12671
12672
12673
12674
12675
12676
12677
12678
12679
12722
12723
12734
12753
12754
12757
12810
12811
12817
12819
12822
12826
12828
12833
12840
12859
12862
12863
12867
12869
12873
12877
12878
12879
12880
12881
12887
12893
12899
12909
12916
12918
12924
12930
12933
12938
12939
12945
12947
12948
12951
12955
12959
12965
12967
12971
12973
12974
12975
12976
12977
12978
12979
12988
12990
12993
12995
12997
12999
13004
13005
13006
13007
13008
13011
13013
13014
13015
13016
13018
13019
13021
13022
13038
13056
13080
13092
13097
13098
13100
13102
13103
13107
13111
13124
13136
13140
13147
13174
13176
13181
13183
13185
13187
13188
13191
13196
13197
13222
13224
13231
13236
13237
13238
13242
13243
13245
13253
13260
13266
13273
13275
13276
13277
13282
13302
13303
13305
13307
13308
13311
13312
13313
13314
13315
13317
13321
13323
13325
13326
13328
13329
13332
13334
13335
13345
13351
13355
13374
13384
13389
13390
13391
13396
13397
13399
13402
13403
13404
13407
13408
13409
13410
13411
13437
13455
13461
13486
13490
13491
13494
13499
13509
13513
13519
13531
13539
13553
13558
13559
13560
13563
13565
13566
13567
13568
13569
13573
13575
13576
13592
13598
13605
13611
13612
13617
13627
13630
13634
13639
13640
13641
13642
13652
13655
13659
13665
13666
13667
13671
13676
13677
13679
13682
13686
13697
13701
13732
13733
13737
13742
13744
13747
13753
13768
13769
13771
13775
13778
13779
13780
13781
13782
13784
13800
13801
13803
13805
13806
13807
13808
13810
13811
13813
13815
13816
13817
13821
13825
13828
13833
13843
13884
13888
13890
13895
13899
13900
13901
13902
13903
13904
13927
13945
13954
13975
13976
13981
13983
13984
13985
13990
13995
14004
14009
14014
14031
14039
14042
14044
14049
14050
14051
14056
14060
14067
14079
14080
14083
14087
14096
14098
14116
14119
14123
14125
14151
14156
14157
14158
14160
14161
14162
14163
14165
14168
14169
14170
14171
14172
14174
14176
14177
14179
14180
14181
14183
14185
14186
14194
14196
14197
14199
14200
14201
14206
14207
14211
14217
14219
14227
14233
14236
14244
14245
14246
14247
14249
14250
14251
14252
14253
14254
14255
14256
14257
14258
14259
14260
14261
14262
14264
14266
14278
14324
14346
14360
14364
14369
14372
14375
14376
14390
14398
14402
14409
14410
14420
14423
14442
14444
14445
14446
14448
14450
14451
14452
14453
14454
14456
14457
14461
14466
14468
14469
14476
14487
14492
14494
14510
14518
14519
14521
14523
14524
14526
14527
14530
14531
14533
14538
14539
14542
14544
14545
14553
14570
14573
14577
14579
14581
14583
14584
14586
14588
14593
14595
14596
14601
14605
14610
14612
14616
14617
14654
14655
14658
14662
14663
14666
14667
14668
14677
14678
14680
14685
14686
14689
14690
14693
14695
14700
14706
14708
14712
14715
14716
14718
14732
14736
14738
14739
14740
14741
14742
14746
14747
14756
14772
14775
14824
14826
14853
14859
14864
14867
14868
14876
14892
14895
14896
14904
14907
14916
14917
14918
14920
14951
14955
14957
14959
14960
14962
14982
14993
15004
15007
15013
15017
15018
15019
15021
15025
15032
15038
15040
15057
15059
15062
15067
15068
15070
15071
15075
15076
15081
15083
15090
15092
15099
15101
15102
15155
15156
15163
15164
15165
15167
15170
15171
15172
15175
15176
15179
15182
15185
15186
15192
15193
15196
15200
15210
15216
15218
15220
15222
15228
15230
15232
15236
15248
15250
15254
15260
15262
15267
15268
15269
15270
15271
15274
15276
15278
15279
15281
15282
15298
15319
15325
15345
15363
15367
15397
15398
15399
15400
15403
15404
15405
15410
15412
15435
15438
15451
15454
15462
15485
15491
15493
15495
15502
15505
15506
15507
15508
15523
15536
15549
15560
15574
15577
15581
15582
15591
15595
15596
15598
15599
15600
15601
15608
15613
15614
15628
15635
15639
15641
15650
15651
15656
15662
15663
15665
15669
15670
15672
15692
15695
15699
15701
15706
15709
15751
15754
15755
15758
15765
15770
15772
15773
15779
15781
15783
15784
15785
15793
15795
15802
15818
15834
15835
15838
15847
15857
15867
15874
15876
15877
15878
15879
15880
15883
15884
15886
15887
15888
15889
15892
15894
15895
15914
15944
15989
15992
15995
16030
16033
16061
16067
16071
16076
16079
16116
16120
16122
16123
16137
16143
16155
16162
16176
16193
16204
16212
16216
16218
16230
16231
16233
16239
16245
16248
16249
16250
16251
16255
16256
16257
16258
16261
16262
16264
16273
16281
16286
16291
16303
16304
16308
16321
16325
16326
16330
16340
16343
16345
16349
16353
16366
16367
16377
16379
16383
16386
16387
16403
16445
16446
16448
16449
16451
16456
16458
16470
16473
16480
16514
16515
16520
16523
16527
16535
16536
16538
16542
16561
16572
16574
16575
16576
16577
16578
16579
16581
16582
16583
16584
16585
16586
16587
16588
16589
16591
16592
16594
16596
16604
16605
16617
16635
16756
16764
16766
16767
16769
16772
16774
16775
16779
16804
16808
16858
16859
16860
16861
16862
16865
16867
16877
16878
16880
16885
16892
16897
16901
16910
16946
16960
16963
16971
16978
16981
16987
16989
16996
17001
17002
17010
17014
17021
17039
17050
17057
17067
17069
17070
17074
17081
17083
17084
17089
17090
17099
17108
17112
17113
17116
17117
17121
17122
17132
17135
17152
17165
17166
17167
17170
17173
17231
17233
17238
17239
17243
17246
17256
17257
17259
17267
17271
17287
17288
17289
17300
17317
17350
17354
17357
17363
17366
17369
17371
17374
17375
17377
17378
17379
17380
17381
17384
17385
17387
17391
17392
17393
17519
17523
17527
17530
17534
17538
17543
17545
17547
17558
17559
17562
17564
17570
17587
17593
17594
17599
17612
17672
17677
17680
17681
17687
17692
17704
17707
17716
17726
17728
17734
17737
17746
17758
17762
17765
17767
17772
17778
17795
17800
17801
17805
17809
17811
17813
17815
17828
17832
17833
17834
17841
17845
17848
17866
17867
17898
17913
17916
17922
17923
17928
17940
17944
17948
17954
17958
17960
17961
17974
17975
17993
17999
18004
18012
18015
18022
18032
18035
18040
18042
18058
18066
18079
18142
18144
18153
18156
18159
18160
18163
18168
18170
18171
18177
18181
18182
18183
18188
18197
18199
18203
18211
18222
18234
18244
18245
18285
18296
18305
18330
18333
18336
18337
18338
18339
18340
18345
18346
18347
18350
18352
18354
18355
18357
18359
18360
18362
18426
18547
18561
18563
18592
18595
18612
18635
18642
18667
18682
18688
18694
18704
18707
18709
18713
18714
18718
18726
18732
18734
18743
18756
18758
18802
18814
18815
18826
18829
18836
18841
18849
18850
18872
18888
18890
18891
18895
18902
18935
18936
18938
18944
18949
18956
18978
18980
18981
18988
18997
18998
19003
19005
19008
19009
19014
19018
19024
19034
19036
19043
19044
19055
19059
19060
19065
19066
19069
19070
19072
19074
19075
19076
19079
19083
19108
19120
19125
19132
19133
19135
19229
19230
19231
19232
19233
19237
19241
19245
19247
19253
19255
19264
19266
19281
19283
19291
19306
19337
19357
19372
19381
19389
19391
19407
19420
19424
19425
19426
19427
19429
19431
19432
19439
19441
19442
19445
19447
19448
19449
19450
19451
19454
19477
19480
19492
19546
19604
19642
19660
19671
19688
19704
19711
19713
19726
19727
19743
19745
19747
19769
19800
19808
19826
19848
19858
19867
19874
19879
19883
19884
19887
19890
19904
19908
19915
19916
19918
19927
19929
19934
19941
20002
20031
20049
20057
20060
20061
20070
20071
20073
20078
20080
20081
20082
20099
20100
20101
20102
20117
20125
20127
20129
20131
20135
20153
20165
20181
20184
20188
20190
20195
20201
20203
20216
20222
20227
20240
20243
20246
20250
20259
20263
20270
20273
20276
20279
20296
20308
20340
20341
20344
20354
20359
20362
20363
20369
20372
20374
20375
20382
20389
20405
20410
20422
20425
20440
20442
20523
20566
20581
20588
20590
20591
20601
20604
20607
20609
20617
20618
20619
20620
20624
20628
20638
20659
20661
20666
20668
20675
20689
20693
20698
20711
20718
20720
20723
20729
20740
20748
20756
20774
20780
20783
20788
20791
20792
20794
20795
20797
20801
20808
20810
20811
20812
20813
20814
20816
20817
20818
20821
20824
20825
20827
20829
20832
20839
20849
20945
20975
21019
21034
21063
21121
21128
21132
21146
21155
21160
21166
21194
21215
21240
21244
21253
21254
21260
21276
21298
21304
21307
21311
21314
21319
21324
21345
21350
21353
21362
21467
21514
21523
21530
21546
21553
21555
21569
21570
21572
21573
21576
21586
21591
21609
21610
21624
21626
21698
21702
21705
21709
21713
21715
21718
21720
21722
21726
21727
21732
21736
21752
21769
21770
21771
21773
21776
21778
21784
21792
21793
21798
21805
21807
21810
21812
21813
21820
21827
21836
21851
21853
21857
21861
21871
21874
21883
21887
21896
21904
21905
21927
21938
21942
21944
21945
21946
21952
21954
21957
21960
21961
21972
21985
21988
22004
22009
22020
22040
22045
22047
22058
22060
22061
22063
22150
22205
22210
22215
22216
22217
22228
22229
22236
22244
22254
22274
22302
22315
22327
22336
22440
22441
22453
22476
22481
22482
22483
22486
22489
22492
22495
22498
22499
22500
22502
22505
22507
22512
22513
22514
22515
22518
22520
22521
22522
22523
22524
22525
22528
22531
22534
22535
22538
22539
22542
22543
22560
22656
22692
22778
22847
22849
22868
22887
22896
22920
22943
22960
22965
22969
22971
22987
23032
23054
23058
23062
23099
23122
23129
23131
23135
23141
23147
23154
23158
23159
23173
23175
23195
23200
23203
23209
23212
23465
23478
23481
23485
23486
23488
23498
23502
23506
23508
23529
23532
23534
23544
23563
23617
23652
23659
23666
23678
23683
23697
23707
23708
23715
23721
23725
23729
23737
23744
23745
23765
23768
23772
23791
23803
23894
23904
23908
23909
23912
23913
23914
23916
23918
23925
23956
23964
23996
24012
24036
24062
24063
24065
24069
24078
24079
24087
24092
24110
24311
24336
24342
24350
24358
24445
24607
24638
24639
24641
24644
24645
24648
24649
24650
24652
24653
24655
24662
24667
24668
24669
24673
24675
24676
24681
24682
24683
24684
24738
24753
24844
24881
24900
24931
24970
24987
25127
25131
25146
25205
25241
25266
25331
25332
25335
25340
25345
25348
25376
25377
25388
25389
25390
25393
25395
25399
25412
25567
25716
25736
25737
25740
25770
25775
25776
25781
25787
25791
25803
25805
25808
25815
25823
25832
25835
25840
25844
25856
25861
25872
25875
25887
25891
25895
25961
25987
25998
26015
26017
26067
26074
26075
26076
26079
26096
26097
26098
26104
26122
26133
26148
26154
26173
26195
26203
26265
26269
26273
26293
26302
26308
26317
26337
26338
26343
26345
26346
26350
26377
26382
26404
26411
26432
26449
26472
26502
26507
26524
26558
26560
26561
26592
26706
26798
26856
26859
26867
26876
26881
26883
26890
26915
26916
26967
27047
27260
27292
27294
27295
27296
27304
27313
27316
27317
27319
27321
27323
27325
27335
27341
27342
27344
27406
27538
27556
27565
27591
27612
27708
27723
27805
27834
27852
27872
27886
27929
27961
28098
28099
28156
28165
28208
28212
28253
28280
28379
28475
28479
28501
28506
28519
28553
28555
28573
28586
28590
28593
28596
28613
28664
28777
28814
28846
28861
28913
28939
28948
28956
28959
28962
28979
28987
28998
29005
29006
29007
29040
29045
29046
29105
29233
29240
29241
29243
29267
29269
29272
29275
29283
29392
29397
29408
29412
29439
29446
29535
29558
29571
29573
29581
29585
29587
29591
29592
29595
29602
29647
29651
29676
29826
29894
30097
30316
30387
30472
30483
30487
30494
30498
30499
30500
30502
30503
30506
30507
30508
30519
30523
30524
30529
30534
30536
30537
30539
30545
30546
30551
30552
30555
30558
30636
30675
30783
30922
31008
31010
31082
31122
31131
31138
31183
31249
31389
31430
31444
31529
31530
31585
31595
31804
31864
31873
31886
31912
31932
32007
32012
32055
32121
32174
32198
32258
32305
32372
32413
32422
32426
32445
32495
32523
32533
32642
32670
32768
32777
32804
32854
32869
32873
32880
32885
32902
32913
32915
32916
32918
32919
32937
32950
32969
33076
33078
33088
33122
33126
33266
33269
33272
33288
33293
33295
33315
33320
33331
33592
33669
33775
33936
33961
33962
34007
34052
34196
34222
34321
34330
34337
34340
34342
34350
34354
34357
34378
34379
34388
34389
34396
34444
34569
34717
34746
34924
34979
35082
35276
35462
35492
35540
35542
35817
35854
35908
35940
35965
36089
36182
36383
36400
36433
36443
36463
36485
36491
36604
36653
36737
36758
37012
37025
37079
37080
37097
37131
37146
37264
37293
37301
37308
37332
37353
37355
37468
37533
37566
37601
37605
37622
37633
37636
37641
37678
37795
38128
38170
39150
39160
39173
39176
39199
39207
39211
39260
39261
39639
39772
39886
40024
40554
41371
41565
42365
42394
42456
42465
42586
42819
42904
42939
43176
43284
43292
43367
43374
43789
43806
43808
43813
