3
8
13
14
15
16
17
19
20
22
25
26
29
34
35
36
39
40
41
42
43
44
45
47
48
49
50
55
60
61
64
68
71
73
75
76
81
82
84
85
87
91
93
94
95
98
100
102
103
105
107
108
109
110
112
114
115
117
119
120
121
122
123
124
125
126
131
132
133
134
135
136
146
148
149
150
154
158
159
160
162
163
164
165
166
168
170
174
175
176
180
181
182
186
192
194
195
197
200
201
202
205
206
207
208
209
212
213
214
215
216
217
218
219
223
226
229
232
233
234
237
238
239
240
242
244
246
247
248
249
250
251
252
254
255
257
258
259
260
261
262
263
264
265
266
267
270
271
278
285
286
288
289
291
293
295
296
298
299
300
301
302
304
309
310
312
314
315
320
322
323
331
333
334
338
350
351
354
357
360
362
364
372
377
379
380
384
388
390
392
397
400
405
407
408
409
411
412
413
414
417
418
419
421
422
426
427
428
429
432
434
436
438
439
441
442
443
444
448
449
451
454
457
458
461
464
467
469
474
485
488
490
497
503
507
508
509
510
511
512
516
517
520
523
524
528
529
530
531
532
533
536
539
540
541
544
545
546
547
548
550
551
552
554
555
558
559
560
561
591
593
594
596
597
599
600
608
610
611
612
613
614
616
619
623
625
629
631
632
633
637
638
644
646
650
654
655
656
657
658
660
661
662
663
664
665
666
668
672
673
674
675
676
678
679
681
682
683
684
685
686
689
693
694
696
697
700
701
703
704
707
708
709
711
712
713
716
717
723
724
725
728
730
739
740
743
746
750
751
752
753
754
755
756
757
758
759
760
761
763
765
766
767
768
770
775
776
781
782
785
786
788
789
790
793
797
799
800
802
805
806
809
810
811
813
814
824
830
833
837
841
843
845
846
847
848
849
853
854
855
862
882
891
900
907
912
913
916
917
918
919
921
924
926
927
928
929
930
932
934
936
939
940
941
943
944
945
946
953
954
957
958
959
966
967
970
971
973
974
977
980
984
986
987
988
989
990
991
994
995
996
1000
1001
1002
1005
1006
1010
1012
1013
1015
1019
1020
1021
1022
1023
1024
1025
1026
1030
1031
1033
1036
1037
1038
1041
1042
1043
1045
1056
1057
1058
1059
1063
1066
1067
1068
1069
1070
1076
1082
1084
1087
1088
1091
1092
1094
1095
1096
1097
1102
1103
1105
1107
1108
1115
1117
1118
1120
1122
1123
1125
1126
1127
1131
1132
1133
1134
1137
1138
1145
1149
1151
1156
1159
1161
1162
1163
1164
1165
1168
1170
1173
1174
1175
1176
1177
1179
1180
1181
1184
1190
1193
1194
1195
1197
1199
1201
1202
1203
1204
1205
1206
1207
1209
1210
1211
1212
1213
1214
1217
1218
1221
1222
1223
1224
1225
1227
1228
1229
1231
1233
1239
1241
1243
1248
1251
1252
1253
1255
1257
1265
1271
1272
1273
1275
1280
1284
1285
1288
1291
1292
1293
1294
1295
1296
1297
1305
1306
1309
1314
1317
1318
1322
1324
1325
1327
1330
1331
1332
1333
1338
1340
1342
1344
1349
1350
1352
1354
1375
1376
1379
1390
1394
1395
1396
1397
1403
1405
1413
1417
1419
1422
1423
1424
1426
1428
1430
1432
1435
1436
1438
1441
1442
1443
1444
1446
1447
1448
1449
1450
1451
1452
1454
1455
1456
1458
1459
1462
1465
1469
1470
1476
1477
1481
1482
1489
1491
1492
1493
1497
1498
1502
1503
1505
1511
1516
1521
1523
1524
1525
1528
1529
1533
1535
1538
1539
1540
1541
1544
1546
1547
1550
1558
1559
1563
1566
1567
1568
1570
1573
1574
1576
1585
1588
1589
1597
1601
1602
1603
1604
1606
1607
1609
1610
1612
1613
1615
1616
1620
1622
1625
1626
1628
1629
1630
1631
1633
1636
1637
1638
1641
1642
1643
1644
1645
1648
1651
1653
1654
1659
1661
1663
1666
1668
1671
1674
1675
1677
1678
1680
1681
1683
1684
1687
1688
1691
1694
1703
1704
1705
1714
1716
1727
1729
1730
1738
1742
1743
1746
1751
1759
1769
1772
1773
1774
1775
1776
1778
1784
1785
1786
1787
1788
1789
1790
1791
1795
1796
1800
1807
1810
1812
1813
1814
1817
1823
1828
1829
1833
1834
1835
1838
1839
1852
1853
1854
1858
1859
1861
1863
1864
1867
1870
1871
1872
1873
1875
1876
1877
1878
1879
1881
1882
1885
1887
1889
1891
1893
1894
1898
1900
1906
1907
1908
1909
1913
1914
1917
1918
1921
1922
1927
1928
1930
1931
1936
1937
1938
1940
1941
1944
1946
1947
1949
1952
1955
1956
1957
1958
1959
1965
1966
1969
1970
1972
1973
1975
1977
1978
1980
1981
1982
1983
1985
1999
2001
2002
2005
2007
2008
2011
2012
2014
2016
2017
2018
2019
2022
2023
2024
2025
2027
2028
2030
2031
2032
2033
2035
2036
2038
2040
2043
2048
2049
2051
2052
2057
2059
2063
2064
2066
2068
2069
2072
2073
2076
2077
2078
2079
2080
2081
2083
2084
2094
2096
2097
2098
2099
2103
2104
2106
2110
2112
2114
2115
2116
2117
2119
2121
2125
2127
2128
2129
2130
2131
2134
2137
2138
2139
2140
2146
2153
2158
2160
2162
2165
2166
2168
2170
2171
2172
2173
2174
2175
2177
2181
2182
2188
2195
2198
2199
2201
2204
2205
2207
2209
2211
2218
2222
2225
2229
2230
2233
2238
2239
2242
2248
2249
2251
2252
2256
2258
2259
2261
2265
2267
2272
2275
2283
2288
2289
2292
2294
2297
2300
2301
2302
2304
2305
2307
2309
2313
2314
2317
2318
2319
2320
2324
2329
2331
2332
2337
2339
2344
2346
2347
2353
2355
2358
2366
2367
2372
2373
2374
2376
2377
2381
2382
2385
2386
2389
2391
2392
2393
2395
2396
2397
2398
2403
2405
2406
2409
2411
2412
2413
2414
2416
2419
2420
2424
2425
2427
2428
2432
2435
2436
2439
2441
2447
2449
2450
2453
2456
2459
2460
2461
2463
2464
2466
2471
2474
2479
2480
2494
2498
2499
2500
2501
2502
2507
2508
2509
2510
2511
2517
2518
2519
2520
2521
2523
2524
2526
2533
2534
2542
2543
2544
2545
2553
2556
2557
2558
2559
2560
2561
2562
2564
2565
2569
2575
2576
2577
2581
2582
2584
2585
2590
2591
2593
2594
2595
2596
2597
2599
2601
2606
2608
2609
2610
2612
2613
2614
2615
2616
2618
2622
2623
2624
2626
2627
2633
2634
2640
2642
2644
2645
2646
2648
2650
2652
2653
2657
2663
2665
2669
2670
2671
2672
2673
2674
2675
2677
2680
2684
2688
2690
2691
2692
2694
2696
2697
2698
2703
2706
2713
2715
2716
2717
2718
2719
2720
2721
2722
2725
2726
2727
2728
2729
2730
2731
2733
2737
2738
2746
2748
2749
2750
2751
2760
2762
2764
2766
2768
2771
2772
2776
2778
2780
2781
2783
2787
2788
2789
2793
2798
2800
2805
2808
2809
2811
2837
2839
2847
2850
2851
2853
2854
2857
2859
2861
2865
2866
2867
2870
2871
2873
2874
2876
2878
2880
2882
2883
2884
2888
2892
2896
2899
2900
2906
2907
2908
2911
2918
2919
2921
2928
2930
2931
2932
2933
2934
2935
2943
2945
2946
2950
2951
2957
2969
2970
2971
2974
2977
2978
2979
2980
2984
2986
2987
2989
2990
2991
2994
2995
3004
3005
3006
3011
3012
3014
3021
3022
3023
3026
3027
3028
3029
3030
3031
3032
3033
3036
3037
3047
3057
3061
3064
3066
3092
3106
3108
3110
3113
3114
3115
3121
3122
3126
3128
3130
3131
3133
3134
3135
3142
3144
3152
3157
3158
3159
3161
3166
3167
3168
3172
3173
3175
3176
3179
3180
3181
3186
3187
3188
3190
3195
3202
3204
3249
3250
3330
3331
3332
3566
3569
3573
3587
3639
3641
3648
3665
3669
3672
3674
3675
3680
3685
3687
3688
3693
3696
3697
3702
3703
3704
3707
3712
3718
3720
3721
3723
3725
3732
3739
3741
3742
3744
3745
3750
3752
3754
3756
3759
3760
3762
3763
3792
3793
3794
3797
3798
3805
3806
3808
3811
3812
3845
3847
3858
3859
3862
3882
3883
3885
3891
3893
3894
3895
3897
3903
3904
3905
3906
3907
3908
3909
3912
3914
3915
3921
3923
3925
3932
3933
3934
3936
3940
3953
3954
4007
4009
4010
4028
4035
4038
4040
4041
4042
4044
4046
4058
4059
4061
4062
4071
4072
4073
4074
4075
4076
4077
4078
4079
4080
4081
4082
4083
4084
4085
4087
4088
4089
4090
4091
4092
4093
4095
4096
4101
4102
4103
4105
4107
4108
4109
4110
4111
4112
4113
4114
4115
4116
4117
4118
4120
4122
4123
4129
4130
4131
4132
4135
4136
4138
4139
4140
4141
4142
4143
4144
4146
4147
4148
4149
4150
4152
4153
4154
4155
4156
4157
4160
4177
4178
4180
4183
4186
4201
4202
4203
4204
4205
4207
4208
4219
4228
4246
4247
4259
4260
4264
4267
4268
4269
4273
4274
4275
4285
4287
4288
4289
4292
4295
4299
4300
4303
4304
4305
4307
4308
4309
4310
4313
4316
4322
4336
4346
4347
4350
4351
4353
4355
4361
4363
4366
4367
4369
4382
4388
4392
4418
4419
4421
4425
4426
4433
4434
4450
4451
4462
4472
4473
4474
4477
4480
4481
4482
4483
4484
4485
4486
4487
4488
4491
4493
4494
4499
4500
4503
4507
4508
4509
4510
4511
4513
4529
4531
4549
4558
4559
4617
4621
4639
4640
4644
4646
4648
4654
4655
4663
4668
4677
4678
4680
4681
4682
4683
4684
4685
4689
4692
4694
4701
4702
4720
4730
4733
4736
4737
4738
4739
4740
4741
4742
4743
4744
4745
4747
4748
4749
4753
4754
4756
4757
4759
4760
4761
4762
4763
4764
4765
4792
4802
4803
4804
4805
4806
4808
4813
4818
4824
4826
4829
4832
4833
4839
4841
4848
4851
4855
4858
4860
4862
4868
4870
4871
4872
4879
4880
4885
4890
4896
4898
4900
4902
4903
4908
4910
4915
4920
4926
4928
4934
4935
4954
4959
4963
4964
4965
4966
4967
4984
4985
4986
4987
4989
4990
4991
4992
4995
4996
4998
5000
5001
5004
5005
5008
5009
5013
5014
5015
5017
5018
5019
5021
5023
5024
5025
5026
5027
5028
5030
5031
5032
5034
5035
5045
5047
5050
5051
5056
5064
5066
5067
5068
5070
5071
5075
5077
5080
5085
5086
5092
5094
5102
5103
5104
5105
5106
5108
5110
5112
5113
5114
5115
5118
5119
5123
5125
5126
5127
5128
5129
5130
5131
5138
5144
5145
5147
5150
5151
5153
5154
5156
5160
5161
5169
5170
5174
5176
5177
5182
5183
5184
5185
5186
5193
5196
5198
5199
5200
5202
5206
5207
5217
5219
5227
5228
5231
5232
5233
5235
5239
5245
5246
5252
5253
5254
5255
5258
5259
5260
5261
5262
5274
5276
5279
5282
5285
5286
5317
5318
5320
5321
5322
5328
5329
5331
5334
5335
5336
5337
5339
5340
5341
5342
5344
5345
5348
5350
5352
5353
5354
5355
5357
5360
5362
5365
5371
5372
5373
5374
5375
5376
5377
5392
5393
5394
5395
5396
5398
5422
5425
5440
5441
5442
5450
5451
5452
5453
5455
5461
5465
5468
5470
5472
5473
5475
5477
5487
5488
5498
5499
5500
5503
5506
5507
5513
5514
5515
5516
5517
5518
5528
5532
5535
5538
5541
5545
5549
5554
5560
5561
5562
5563
5568
5572
5575
5577
5579
5582
5587
5588
5590
5591
5594
5596
5597
5599
5609
5611
5612
5613
5617
5618
5629
5637
5640
5646
5648
5652
5653
5654
5661
5662
5675
5677
5678
5681
5682
5686
5689
5690
5700
5701
5703
5713
5730
5738
5741
5745
5753
5765
5767
5774
5777
5778
5781
5797
5799
5802
5811
5813
5815
5816
5818
5819
5822
5828
5829
5830
5831
5833
5834
5835
5836
5839
5844
5845
5846
5847
5850
5853
5854
5855
5861
5862
5863
5873
5874
5877
5881
5888
5891
5893
5894
5902
5907
5910
5917
5920
5928
5934
5936
5938
5939
5943
5957
5961
5962
5963
5965
5970
5971
5973
5975
5984
5985
5987
5998
6002
6003
6004
6005
6006
6008
6009
6010
6011
6012
6014
6015
6016
6017
6029
6030
6031
6032
6033
6036
6037
6038
6040
6048
6050
6053
6054
6055
6057
6058
6061
6062
6065
6079
6082
6086
6087
6088
6090
6091
6096
6097
6105
6108
6110
6111
6115
6120
6123
6124
6125
6126
6127
6128
6134
6135
6139
6144
6145
6146
6147
6149
6150
6151
6152
6153
6155
6162
6165
6166
6177
6178
6179
6182
6184
6185
6186
6187
6191
6192
6194
6200
6203
6204
6205
6210
6214
6222
6232
6239
6240
6249
6250
6253
6255
6262
6263
6264
6265
6268
6270
6271
6280
6281
6285
6292
6293
6294
6295
6298
6300
6305
6306
6312
6313
6322
6328
6329
6334
6337
6343
6348
6349
6350
6351
6353
6354
6359
6363
6366
6367
6373
6378
6382
6389
6390
6392
6394
6398
6399
6417
6418
6419
6424
6425
6429
6433
6436
6438
6439
6444
6445
6454
6455
6459
6463
6464
6470
6471
6473
6475
6479
6490
6494
6499
6501
6502
6503
6504
6506
6518
6524
6535
6536
6551
6553
6554
6555
6556
6557
6558
6559
6565
6566
6572
6574
6576
6577
6578
6579
6580
6585
6593
6594
6596
6597
6598
6602
6617
6618
6619
6620
6621
6623
6639
6640
6642
6646
6647
6650
6659
6663
6667
6668
6669
6671
6672
6673
6674
6686
6694
6696
6697
6698
6700
6701
6707
6708
6709
6723
6734
6735
6737
6740
6742
6750
6751
6760
6769
6770
6782
6783
6784
6791
6792
6795
6796
6798
6804
6809
6812
6817
6818
6833
6847
6853
6854
6855
6856
6858
6861
6868
6869
6870
6871
6872
6873
6876
6878
6882
6886
6887
6895
6909
6910
6911
6914
6918
6926
6927
6931
6933
6934
6938
6939
6940
6953
6955
6960
6961
6965
6966
6981
6984
6987
6988
6989
6990
6996
6999
7005
7006
7010
7011
7012
7014
7015
7019
7025
7027
7028
7032
7036
7037
7052
7059
7063
7064
7065
7066
7069
7070
7071
7074
7078
7081
7082
7083
7087
7090
7092
7093
7097
7101
7103
7104
7105
7110
7111
7114
7117
7118
7119
7124
7126
7127
7130
7131
7132
7133
7136
7148
7151
7152
7153
7156
7157
7162
7163
7164
7166
7167
7168
7171
7173
7176
7177
7181
7183
7188
7189
7190
7191
7201
7202
7203
7207
7208
7214
7215
7219
7220
7225
7226
7229
7231
7238
7247
7249
7250
7251
7259
7260
7262
7263
7265
7273
7277
7280
7288
7292
7294
7295
7297
7298
7303
7305
7306
7307
7309
7313
7314
7324
7328
7329
7338
7342
7343
7348
7351
7352
7353
7356
7357
7359
7360
7363
7367
7373
7374
7383
7384
7385
7397
7398
7400
7406
7407
7410
7421
7422
7427
7431
7432
7433
7435
7436
7437
7440
7442
7443
7455
7462
7463
7464
7465
7468
7469
7476
7477
7478
7479
7480
7483
7487
7491
7493
7495
7496
7502
7503
7505
7508
7509
7510
7513
7514
7525
7528
7536
7541
7542
7545
7546
7548
7549
7561
7567
7574
7577
7597
7600
7604
7633
7636
7641
7642
7648
7649
7664
7665
7666
7668
7670
7674
7676
7677
7678
7681
7685
7688
7691
7693
7694
7695
7696
7697
7707
7708
7710
7715
7717
7720
7721
7724
7725
7726
7728
7733
7734
7736
7738
7739
7745
7746
7749
7750
7752
7754
7755
7757
7760
7761
7762
7765
7766
7770
7772
7774
7779
7782
7783
7785
7786
7788
7790
7793
7794
7796
7797
7798
7799
7803
7804
7805
7807
7810
7812
7813
7815
7817
7818
7819
7821
7826
7828
7833
7835
7836
7837
7838
7844
7845
7847
7850
7851
7853
7857
7858
7859
7861
7862
7866
7867
7868
7869
7870
7871
7872
7873
7875
7879
7880
7882
7886
7888
7889
7890
7891
7892
7893
7899
7900
7903
7904
7905
7908
7911
7912
7913
7915
7916
7917
7919
7928
7929
7931
7934
7940
7943
7950
7954
7959
7967
7969
7970
7977
7978
7993
7995
7998
8008
8012
8013
8016
8022
8023
8024
8030
8033
8035
8036
8039
8041
8043
8048
8049
8051
8052
8053
8058
8064
8068
8071
8072
8074
8077
8079
8080
8081
8086
8087
8091
8093
8094
8095
8099
8100
8106
8107
8108
8109
8111
8112
8117
8118
8122
8123
8124
8126
8127
8129
8130
8140
8141
8142
8143
8144
8145
8146
8147
8151
8152
8153
8156
8158
8159
8161
8162
8163
8169
8173
8174
8178
8179
8183
8184
8187
8188
8191
8192
8193
8195
8196
8197
8198
8199
8201
8204
8205
8207
8211
8212
8213
8214
8215
8216
8218
8220
8227
8228
8229
8231
8232
8233
8234
8235
8237
8239
8240
8241
8243
8244
8245
8246
8247
8251
8255
8256
8257
8258
8262
8265
8266
8267
8277
8280
8281
8284
8285
8287
8289
8290
8291
8296
8299
8301
8302
8309
8311
8313
8314
8316
8317
8318
8319
8320
8321
8322
8323
8324
8325
8326
8327
8328
8330
8331
8334
8336
8337
8339
8342
8348
8350
8351
8352
8355
8366
8367
8372
8374
8375
8376
8380
8384
8385
8390
8391
8394
8396
8398
8399
8402
8404
8407
8408
8411
8415
8420
8423
8424
8429
8430
8439
8440
8443
8447
8452
8454
8461
8463
8466
8467
8469
8472
8475
8476
8477
8478
8480
8482
8487
8488
8489
8490
8494
8497
8498
8505
8506
8507
8517
8519
8520
8521
8522
8523
8531
8535
8539
8544
8545
8548
8550
8551
8555
8563
8564
8565
8566
8567
8568
8569
8575
8579
8582
8585
8589
8592
8593
8594
8596
8600
8601
8602
8603
8605
8606
8607
8609
8610
8612
8613
8614
8615
8620
8623
8624
8626
8634
8636
8637
8640
8646
8647
8650
8653
8655
8662
8665
8667
8669
8671
8672
8674
8676
8677
8682
8685
8686
8687
8698
8700
8707
8708
8709
8710
8711
8719
8724
8728
8729
8730
8731
8736
8741
8743
8747
8749
8751
8759
8771
8773
8775
8776
8781
8783
8784
8785
8787
8792
8793
8800
8801
8805
8808
8810
8815
8820
8826
8827
8828
8830
8831
8835
8839
8841
8846
8852
8853
8856
8857
8858
8859
8860
8861
8862
8864
8865
8867
8878
8879
8882
8883
8886
8887
8888
8891
8892
8893
8894
8895
8897
8899
8900
8901
8902
8904
8908
8910
8911
8914
8915
8919
8926
8929
8933
8934
8935
8936
8937
8938
8939
8940
8947
8948
8963
8966
8968
8969
8972
8973
8974
8975
8976
8978
8983
8988
8989
8990
8992
8993
8997
9002
9005
9006
9007
9008
9014
9018
9022
9028
9030
9032
9037
9038
9043
9044
9047
9049
9050
9055
9056
9057
9058
9059
9060
9064
9066
9067
9075
9078
9082
9083
9084
9090
9092
9094
9095
9097
9098
9102
9103
9104
9105
9108
9114
9116
9119
9120
9121
9122
9123
9124
9130
9131
9132
9133
9134
9136
9138
9140
9141
9142
9147
9148
9150
9151
9156
9157
9158
9159
9160
9165
9171
9173
9175
9176
9177
9178
9186
9188
9196
9197
9199
9200
9203
9204
9206
9209
9210
9211
9213
9221
9223
9225
9226
9236
9237
9238
9241
9246
9250
9251
9252
9253
9254
9255
9256
9258
9260
9261
9267
9268
9269
9272
9273
9274
9275
9280
9281
9283
9285
9289
9290
9292
9293
9294
9296
9297
9300
9304
9305
9306
9307
9308
9309
9311
9313
9316
9318
9319
9325
9330
9331
9333
9335
9336
9337
9338
9339
9340
9341
9342
9345
9346
9347
9350
9354
9357
9358
9362
9365
9366
9371
9372
9382
9383
9384
9386
9389
9390
9391
9392
9394
9395
9396
9400
9401
9404
9407
9408
9415
9418
9419
9420
9424
9426
9428
9429
9432
9433
9438
9440
9441
9442
9443
9444
9447
9448
9449
9450
9452
9459
9461
9468
9469
9471
9473
9476
9478
9479
9480
9481
9484
9485
9486
9488
9490
9492
9496
9497
9498
9500
9502
9505
9510
9511
9515
9516
9517
9520
9522
9523
9524
9525
9528
9530
9533
9534
9535
9536
9537
9542
9543
9545
9546
9547
9549
9550
9551
9553
9554
9555
9556
9558
9559
9561
9571
9572
9575
9577
9578
9579
9585
9589
9592
9593
9594
9598
9602
9603
9607
9608
9610
9619
9620
9626
9627
9631
9632
9639
9643
9644
9645
9648
9653
9654
9655
9659
9661
9665
9667
9673
9674
9675
9677
9679
9681
9683
9688
9689
9691
9692
9693
9698
9699
9702
9705
9706
9709
9710
9711
9713
9714
9716
9717
9718
9721
9724
9727
9732
9733
9735
9736
9741
9742
9745
9750
9753
9755
9756
9757
9760
9766
9768
9769
9771
9772
9773
9776
9779
9780
9781
9782
9784
9785
9786
9794
9797
9800
9802
9803
9807
9808
9811
9812
9813
9819
9820
9830
9836
9837
9839
9841
9842
9844
9846
9848
9865
9885
9888
9889
9890
9903
9904
9923
9927
9928
9930
9941
9942
9943
9952
9953
9967
9968
9969
9970
9972
9974
9975
9978
9979
9980
9994
10012
10018
10020
10022
10028
10046
10051
10055
10059
10061
10072
10088
10089
10090
10101
10182
10183
10184
10189
10190
10198
10201
10204
10205
10208
10209
10210
10212
10216
10217
10218
10221
10273
10276
10277
10278
10279
10281
10283
10284
10285
10288
10299
10303
10305
10311
10322
10323
10324
10325
10329
10330
10331
10335
10336
10348
10352
10355
10359
10372
10377
10385
10386
10388
10391
10393
10395
10398
10399
10400
10401
10404
10406
10412
10414
10420
10426
10444
10445
10446
10447
10450
10451
10467
10472
10473
10474
10479
10482
10489
10494
10503
10504
10517
10521
10535
10543
10580
10584
10587
10590
10593
10595
10596
10597
10598
10606
10613
10616
10618
10619
10621
10634
10641
10657
10658
10664
10676
10677
10695
10700
10705
10722
10729
10740
10744
10755
10756
10757
10759
10760
10788
10789
10797
10803
10809
10831
10833
10835
10840
10841
10853
10855
10860
10862
10864
10869
10870
10875
10895
10909
10928
10929
10930
10932
10934
10936
10938
10939
10949
10953
10954
10955
10960
10961
10962
10963
10965
10966
10967
10970
10975
10978
10981
10985
10987
10988
11000
11003
11010
11023
11028
11041
11043
11044
11046
11050
11052
11060
11061
11090
11094
11097
11098
11099
11103
11118
11125
11129
11133
11136
11137
11139
11145
11164
11180
11181
11182
11191
11211
11214
11215
11225
11234
11235
11238
11243
11247
11261
11264
11265
11266
11267
11268
11273
11282
11290
11292
11321
11322
11325
11329
11334
11348
11354
11355
11356
11357
11359
11383
11391
11408
11412
11414
11419
11434
11451
11452
11458
11460
11463
11464
11480
11481
11482
11483
11491
11492
11495
11498
11500
11501
11505
11506
11507
11508
11509
11527
11529
11531
11532
11535
11537
11538
11539
11549
11553
11566
11569
11570
11581
11583
11584
11592
11593
11602
11611
11612
11613
11616
11635
11636
11637
11638
11641
11650
11652
11659
11660
11675
11681
11688
11689
11690
11691
11703
11704
11719
11721
11723
11732
11741
11749
11750
11751
11758
11759
11775
11778
11782
11784
11810
11815
11816
11817
11819
11834
11847
11849
11853
11876
11880
11881
11882
11883
11885
11888
11892
11903
11911
11914
11921
11938
11939
11941
11942
11946
11961
11967
11968
11969
11970
11981
11984
12001
12010
12026
12032
12034
12047
12048
12064
12066
12099
12101
12116
12117
12118
12125
12145
12149
12156
12157
12161
12162
12165
12170
12175
12178
12185
12186
12187
12189
12195
12196
12200
12214
12216
12219
12227
12229
12230
12240
12254
12255
12258
12259
12282
12288
12294
12302
12308
12315
12319
12321
12322
12323
12324
12325
12326
12327
12331
12334
12336
12337
12341
12351
12358
12359
12362
12365
12370
12373
12374
12389
12397
12398
12416
12425
12426
12429
12431
12433
12452
12456
12460
12479
12485
12504
12505
12506
12513
12517
12523
12525
12534
12539
12543
12545
12546
12547
12549
12550
12551
12554
12557
12559
12560
12563
12567
12570
12573
12578
12582
12588
12593
12594
12595
12598
12601
12602
12605
12607
12610
12612
12620
12624
12627
12629
12630
12631
12632
12636
12637
12638
12639
12640
12645
12650
12653
12655
12656
12659
12672
12675
12678
12686
12689
12693
12694
12697
12698
12706
12708
12714
12717
12723
12725
12729
12743
12744
12745
12757
12769
12770
12774
12775
12777
12779
12781
12787
12793
12803
12805
12810
12815
12816
12817
12823
12827
12834
12839
12841
12842
12859
12860
12864
12865
12867
12869
12870
12872
12874
12875
12880
12881
12884
12885
12887
12890
12891
12893
12901
12903
12910
12914
12916
12917
12919
12923
12924
12925
12928
12929
12931
12938
12939
12941
12951
12954
12955
12956
12958
12959
12961
12963
12970
12971
12982
12987
12988
12994
13002
13005
13009
13014
13017
13018
13020
13026
13029
13032
13035
13042
13043
13048
13051
13052
13058
13063
13068
13070
13071
13077
13080
13082
13088
13090
13091
13093
13094
13102
13104
13105
13112
13114
13117
13120
13121
13122
13127
13129
13130
13131
13132
13136
13144
13145
13152
13154
13160
13162
13168
13174
13175
13182
13197
13198
13205
13206
13210
13212
13213
13215
13223
13224
13228
13229
13231
13239
13241
13244
13246
13275
13278
13281
13292
13293
13294
13295
13298
13299
13307
13308
13311
13320
13322
13333
13337
13339
13346
13348
13350
13354
13355
13357
13367
13382
13384
13388
13390
13392
13394
13397
13398
13399
13401
13402
13407
13408
13409
13418
13439
13441
13444
13445
13466
13468
13471
13472
13477
13479
13487
13488
13491
13493
13496
13498
13506
13507
13519
13521
13528
13530
13533
13536
13540
13548
13558
13562
13566
13567
13568
13569
13572
13573
13575
13577
13579
13582
13583
13593
13596
13599
13601
13606
13616
13618
13620
13622
13624
13641
13650
13652
13653
13654
13673
13686
13687
13688
13689
13696
13697
13699
13702
13703
13704
13735
13756
13764
13824
13855
13885
13886
13887
13890
13900
13901
13928
13931
13935
13939
13940
13942
13975
13978
13988
13993
13996
14013
14040
14043
14064
14066
14067
14074
14075
14076
14077
14078
14080
14084
14106
14110
14111
14112
14115
14118
14124
14130
14159
14166
14167
14169
14184
14185
14190
14192
14193
14194
14198
14201
14202
14203
14205
14206
14215
14217
14218
14220
14224
14230
14242
14249
14271
14283
14284
14286
14297
14299
14302
14308
14310
14311
14312
14316
14332
14335
14336
14344
14349
14360
14361
14363
14417
14420
14430
14439
14442
14450
14451
14456
14461
14471
14489
14490
14501
14515
14516
14517
14523
14531
14534
14539
14541
14545
14546
14547
14548
14549
14552
14559
14570
14574
14578
14586
14589
14597
14603
14612
14616
14625
14628
14632
14633
14636
14652
14653
14666
14667
14685
14698
14699
14706
14714
14715
14716
14722
14723
14730
14796
14797
14803
14804
14805
14818
14823
14839
14840
14843
14845
14850
14852
14859
14866
14870
14872
14882
14884
14888
14896
14902
14903
14909
14911
14914
14915
14917
14918
14926
14930
14931
14934
14935
14938
14939
14940
14942
14943
14946
14947
14950
14955
14957
14960
14961
14962
14965
14968
14982
14987
14988
14991
14992
14999
15000
15003
15015
15016
15022
15025
15033
15038
15039
15040
15051
15059
15060
15062
15071
15072
15074
15076
15077
15078
15081
15084
15085
15086
15087
15090
15093
15094
15095
15096
15097
15105
15113
15115
15116
15117
15125
15126
15129
15130
15133
15149
15152
15156
15157
15158
15159
15168
15172
15183
15184
15194
15195
15196
15197
15198
15199
15222
15233
15244
15247
15249
15251
15253
15303
15320
15321
15333
15342
15344
15353
15355
15362
15363
15365
15376
15378
15390
15398
15399
15400
15412
15414
15415
15418
15419
15421
15434
15443
15444
15446
15451
15455
15458
15464
15482
15483
15487
15494
15504
15510
15511
15512
15514
15518
15534
15536
15542
15548
15549
15556
15557
15558
15567
15575
15586
15609
15628
15644
15648
15658
15664
15696
15724
15727
15733
15749
15753
15755
15757
15764
15765
15767
15769
15772
15774
15775
15777
15780
15782
15785
15790
15791
15798
15799
15802
15809
15814
15858
15870
15882
15890
15896
15898
15899
15904
15905
15907
15920
15932
15939
15949
15967
15970
15971
15984
15987
15997
16000
16006
16012
16013
16018
16020
16022
16035
16037
16038
16041
16044
16045
16050
16056
16057
16058
16060
16063
16068
16071
16075
16085
16095
16109
16111
16118
16129
16131
16137
16142
16146
16163
16168
16171
16188
16200
16201
16253
16263
16274
16277
16278
16281
16316
16320
16322
16338
16351
16355
16357
16358
16361
16374
16387
16401
16404
16406
16411
16421
16425
16426
16427
16434
16436
16437
16454
16457
16467
16496
16499
16501
16530
16547
16550
16566
16571
16581
16582
16586
16590
16599
16617
16626
16628
16643
16657
16659
16670
16671
16681
16682
16685
16691
16697
16698
16722
16731
16733
16741
16745
16759
16761
16762
16763
16765
16767
16783
16794
16795
16800
16802
16804
16812
16818
16831
16833
16835
16856
16857
16871
16873
16874
16895
16896
16898
16907
16909
16910
16911
16932
16939
16969
16970
16977
16985
16989
16990
17021
17023
17030
17034
17050
17051
17052
17054
17055
17067
17069
17076
17077
17078
17084
17094
17098
17120
17124
17125
17138
17142
17152
17159
17164
17167
17173
17174
17175
17203
17209
17226
17230
17231
17249
17251
17254
17266
17270
17280
17281
17286
17290
17291
17301
17304
17310
17314
17319
17331
17337
17338
17343
17344
17381
17401
17412
17414
17431
17432
17437
17450
17451
17453
17456
17458
17468
17475
17476
17500
17503
17506
17513
17530
17543
17551
17553
17554
17563
17565
17574
17577
17587
17595
17612
17619
17634
17635
17636
17654
17660
17668
17672
17687
17695
17698
17701
17719
17729
17755
17764
17772
17774
17785
17787
17788
17789
17792
17793
17800
17801
17807
17812
17827
17829
17845
17846
17849
17854
17855
17856
17862
17875
17881
17902
17911
17914
17918
17920
17923
17926
17931
17941
17942
17953
17983
17984
17988
17997
18016
18028
18045
18052
18061
18062
18067
18077
18092
18095
18098
18100
18104
18105
18111
18115
18118
18125
18129
18136
18138
18141
18142
18144
18156
18163
18172
18217
18218
18240
18242
18257
18281
18303
18305
18306
18308
18310
18326
18368
18371
18374
18379
18393
18399
18400
18401
18404
18410
18416
18417
18418
18434
18437
18450
18454
18455
18456
18465
18477
18482
18490
18495
18507
18510
18512
18517
18522
18545
18554
18564
18566
18579
18591
18592
18617
18633
18638
18640
18663
18688
18708
18710
18719
18721
18722
18723
18724
18725
18726
18735
18739
18745
18769
18786
18789
18793
18796
18803
18817
18822
18828
18829
18832
18838
18839
18842
18854
18855
18864
18872
18885
18886
18906
18909
18914
18915
18917
18920
18958
18959
18977
18978
18980
18989
18999
19000
19010
19018
19023
19026
19028
19039
19043
19044
19048
19069
19083
19090
19105
19106
19112
19114
19116
19128
19129
19130
19136
19137
19138
19140
19142
19149
19152
19158
19160
19162
19163
19166
19168
19175
19181
19185
19186
19189
19222
19224
19230
19235
19244
19251
19257
19265
19268
19275
19277
19278
19290
19297
19300
19301
19302
19303
19305
19306
19308
19312
19314
19317
19325
19329
19331
19334
19339
19341
19343
19344
19346
19347
19349
19352
19353
19357
19373
19380
19382
19392
19395
19396
19403
19404
19407
19412
19418
19437
19452
19459
19462
19465
19472
19475
19480
19484
19488
19489
19491
19498
19511
19512
19515
19521
19522
19524
19526
19538
19540
19550
19551
19552
19557
19558
19565
19572
19586
19590
19593
19604
19608
19618
19620
19623
19626
19630
19631
19634
19635
19638
19644
19652
19661
19665
19666
19669
19672
19673
19691
19696
19706
19707
19720
19725
19726
19729
19739
19744
19745
19770
19807
19808
19818
19822
19862
19864
19874
19876
19905
19912
19925
19957
19963
19973
19974
19979
19983
19986
19993
19996
20012
20013
20014
20024
20027
20028
20031
20043
20064
20065
20072
20092
20093
20101
20104
20116
20126
20129
20143
20147
20152
20153
20154
20155
20159
20169
20176
20178
20180
20195
20207
20214
20215
20218
20230
20238
20240
20242
20248
20251
20252
20258
20270
20274
20279
20287
20288
20304
20338
20339
20340
20345
20349
20358
20371
20382
20386
20387
20393
20401
20403
20413
20426
20428
20445
20463
20470
20476
20485
20502
20531
20535
20541
20550
20560
20562
20566
20568
20569
20602
20612
20627
20636
20637
20638
20668
20698
20757
20853
20855
20860
20868
20876
20877
20902
20905
20924
20927
20952
20953
20957
20964
20967
20971
20994
21002
21018
21019
21020
21034
21098
21099
21100
21122
21128
21129
21137
21142
21147
21166
21168
21180
21217
21226
21242
21243
21252
21267
21285
21293
21323
21349
21351
21363
21390
21425
21433
21440
21443
21444
21459
21466
21467
21474
21492
21498
21501
21509
21512
21518
21522
21537
21545
21558
21559
21561
21562
21565
21570
21576
21578
21589
21627
21645
21665
21666
21689
21690
21692
21700
21701
21715
21724
21744
21756
21760
21761
21766
21775
21789
21810
21818
21820
21828
21831
21835
21837
21839
21840
21852
21854
21858
21869
21870
21879
21891
21892
21900
21906
21929
21934
21940
21943
21952
21953
21956
21978
21982
22007
22011
22018
22023
22024
22053
22064
22074
22100
22108
22184
22203
22208
22223
22225
22226
22227
22228
22230
22246
22251
22263
22274
22280
22281
22287
22299
22308
22311
22314
22327
22328
22330
22347
22352
22353
22365
22367
22368
22372
22395
22400
22401
22411
22412
22415
22423
22424
22428
22430
22431
22450
22477
22485
22496
22517
22518
22535
22536
22553
22555
22578
22583
22590
22598
22607
22609
22632
22642
22643
22649
22660
22662
22665
22668
22670
22678
22679
22682
22698
22699
22702
22703
22705
22709
22714
22726
22729
22736
22738
22751
22756
22757
22762
22771
22775
22782
22783
22784
22787
22793
22799
22802
22804
22822
22835
22840
22852
22863
22867
22878
22881
22898
22903
22904
22906
22937
22938
22962
22965
22966
22969
22970
22971
22980
22983
22991
22995
22998
23004
23006
23021
23025
23026
23032
23040
23042
23049
23057
23068
23085
23095
23101
23115
23144
23154
23189
23198
23199
23217
23221
23236
23239
23243
23251
23271
23285
23290
23360
23363
23364
23384
23393
23415
23420
23423
23445
23471
23539
23548
23576
23599
23606
23669
23670
23674
23679
23687
23739
23740
23754
23803
23825
23826
23833
23841
23849
23864
23867
23869
23884
23886
23892
23894
23932
23936
23960
23968
23996
24001
24010
24011
24023
24038
24050
24075
24079
24080
24135
24136
24165
24178
24179
24188
24197
24202
24205
24214
24215
24226
24268
24270
24345
24357
24363
24366
24395
24408
24419
24461
24477
24493
24497
24529
24545
24559
24566
24588
24593
24633
24641
24671
24672
24746
24749
24814
24815
24837
24844
24897
24898
24915
24917
24918
24953
24964
24970
24974
24978
24987
25001
25009
25016
25026
25043
25047
25080
25118
25122
25124
25125
25132
25135
25156
25179
25181
25197
25199
25200
25216
25217
25219
25303
25314
25326
25354
25362
25367
25376
25389
25447
25452
25489
25490
25501
25504
25507
25531
25534
25549
25556
25562
25563
25580
25581
25582
25623
25659
25705
25714
25722
25742
25747
25749
25760
25777
25804
25810
25821
25824
25848
25854
25857
25878
25899
25901
25934
25935
25963
25965
25980
25991
26020
26025
26049
26061
26062
26097
26106
26108
26109
26113
26116
26131
26148
26154
26159
26174
26177
26192
26201
26207
26212
26213
26221
26226
26235
26276
26286
26297
26334
26387
26404
26418
26434
26435
26450
26458
26469
26480
26522
26530
26539
26552
26556
26560
26562
26577
26584
26591
26596
26672
26706
26710
26713
26757
26760
26770
26778
26788
26803
26804
26806
26807
26838
26841
26842
26865
26882
26886
26899
26929
27018
27029
27053
27061
27073
27083
27102
27107
27129
27135
27190
27195
27203
27221
27227
27236
27242
27243
27253
27263
27264
27273
27306
27317
27321
27327
27331
27340
27346
27347
27348
27354
27355
27362
27368
27373
27374
27387
27388
27424
27434
27448
27509
27516
27523
27531
27532
27555
27557
27561
27583
27587
27588
27615
27619
27621
27652
27691
27696
27700
27702
27721
27745
27755
27764
27771
27792
27834
27847
27854
27861
27868
27883
27892
27907
27910
27922
27938
27944
27950
27953
27960
27961
27963
27969
27977
27981
27986
27987
28035
28041
28071
28104
28105
28108
28111
28125
28150
28189
28204
28232
28238
28246
28277
28300
28301
28322
28330
28336
28339
28360
28364
28369
28371
28404
28419
28491
28500
28522
28544
28545
28568
28575
28576
28587
28608
28634
28693
28695
28699
28701
28703
28707
28708
28709
28711
28712
28716
28717
28720
28721
28722
28730
28734
28737
28738
28739
28744
28746
28750
28758
28759
28773
28780
28781
28783
28788
28789
28806
28807
28808
28809
28817
28818
28822
28827
28835
28857
28864
28868
28875
28878
28879
28883
28885
28886
28887
28897
28898
28900
28907
28908
28915
28919
28922
28926
28939
28957
28960
28963
28967
28968
28969
28974
28996
29014
29021
29028
29029
29030
29031
29032
29033
29034
29035
29036
29038
29052
29056
29057
29060
29061
29062
29068
29080
29086
29087
29095
29096
29102
29104
29105
29110
29122
29136
29139
29142
29152
29162
29165
29174
29179
29181
29185
29187
29189
29190
29191
29202
29211
29214
29215
29226
29241
29243
29246
29248
29250
29252
29253
29271
29273
29277
29278
29280
29287
29294
29297
29298
29301
29302
29305
29317
29318
29321
29328
29329
29334
29335
29338
29343
29344
29345
29346
29348
29355
29356
29364
29367
29368
29369
29371
29386
29397
29400
29411
29413
29420
29422
29425
29427
29436
29438
29462
29463
29466
29468
29469
29472
29473
29475
29478
29492
29501
29507
29530
29532
29536
29538
29545
29546
29554
29559
29569
29573
29590
29596
29601
29604
29609
29610
29612
29634
29635
29636
29640
29644
29645
29666
29671
29681
29682
29688
29691
29695
29705
29707
29711
29715
29725
29726
29727
29728
29736
29739
29745
29750
29756
29760
29761
29766
29768
29770
29775
29778
29791
29796
29797
29799
29801
29802
29804
29809
29813
29814
29815
29822
29834
29840
29845
29846
29856
29857
29858
29866
29869
29871
29881
29882
29883
29888
29889
29890
29895
29901
29907
29908
29913
29916
29920
29928
29933
29938
29940
29945
29961
29994
30004
30010
30012
30014
30027
30035
30037
30039
30040
30087
30092
30094
30096
30115
30117
30122
30134
30148
30149
30154
30155
30156
30160
30169
30177
30178
30180
30181
30194
30198
30208
30214
30215
30216
30217
30220
30221
30222
30224
30226
30229
30233
30240
30243
30253
30257
30267
30270
30275
30277
30280
30281
30286
30287
30288
30289
30302
30310
30314
30323
30324
30325
30331
30332
30335
30336
30338
30341
30346
30355
30361
30362
30363
30365
30367
30368
30370
30373
30380
30386
30391
30392
30398
30399
30404
30411
30422
30425
30426
30430
30432
30438
30439
30440
30444
30445
30446
30447
30455
30467
30473
30474
30485
30489
30490
30497
30498
30501
30503
30506
30508
30512
30518
30522
30535
30536
30539
30541
30542
30544
30549
30553
30556
30560
30562
30568
30571
30574
30582
30587
30591
30596
30602
30603
30609
30610
30615
30622
30628
30668
30671
30674
30677
30681
30684
30685
30686
30693
30712
30743
30745
30746
30747
30757
30758
30761
30780
30793
30797
30807
30811
30828
30841
30860
30861
30865
30866
30905
30917
30927
30937
30941
30944
30945
30957
30965
30968
30988
30991
31001
31003
31004
31018
31038
31068
31090
31096
31098
31100
31106
31111
31127
31136
31138
31157
31165
31170
31171
31173
31193
31198
31199
31201
31202
31206
31223
31252
31254
31258
31260
31272
31273
31275
31281
31284
31288
31303
31307
31320
31323
31324
31325
31329
31335
31352
31390
31399
31401
31405
31416
31426
31435
31438
31454
31469
31470
31471
31479
31506
31509
31513
31543
31544
31557
31559
31568
31572
31574
31585
31586
31587
31589
31591
31613
31616
31622
31625
31632
31633
31648
31687
31689
31694
31695
31701
31704
31709
31710
31713
31716
31733
31736
31743
31745
31746
31749
31750
31753
31762
31765
31766
31768
31771
31772
31775
31776
31777
31786
31790
31803
31808
31809
31818
31821
31827
31828
31829
31839
31845
31849
31852
31876
31887
31888
31889
31907
31911
31912
31915
31933
31940
31949
31957
31979
31983
31984
31987
31990
31994
31997
32013
32022
32028
32033
32035
32043
32044
32051
32054
32063
32064
32075
32077
32079
32086
32104
32106
32123
32127
32131
32140
32146
32153
32155
32156
32161
32167
32168
32169
32172
32173
32187
32191
32197
32199
32204
32211
32215
32216
32224
32225
32233
32234
32235
32236
32243
32250
32257
32259
32261
32280
32285
32286
32289
32291
32330
32331
32337
32345
32349
32354
32360
32366
32367
32375
32384
32392
32393
32396
32399
32400
32401
32402
32407
32408
32422
32426
32427
32429
32438
32441
32447
32450
32453
32455
32459
32464
32467
32470
32475
32478
32486
32491
32493
32498
32517
32520
32523
32526
32528
32533
32536
32537
32538
32540
32545
32547
32549
32550
32555
32559
32560
32566
32570
32575
32604
32607
32609
32617
32634
32636
32637
32640
32642
32645
32647
32649
32650
32658
32661
32675
32684
32688
32692
32698
32718
32719
32725
32726
32727
32728
32731
32736
32737
32740
32741
32744
32745
32748
32754
32756
32757
32758
32760
32765
32772
32780
32781
32843
32857
32862
32868
32878
32885
32886
32896
32902
32919
32927
32938
32968
32981
33007
33019
33025
33032
33062
33064
33096
33132
33139
33147
33164
33165
33235
33239
33244
33245
33248
33252
33339
33355
33360
33361
33378
33394
33403
33406
33433
33434
33482
33508
33516
33526
33560
33592
33595
33610
33611
33617
33631
33633
33637
33643
33672
33685
33753
33761
33763
33765
33766
33781
33792
33807
33818
33829
33832
33861
33862
33871
33874
33907
33960
33964
33968
33978
33982
33993
34003
34034
34043
34053
34055
34059
34069
34071
34079
34080
34082
34085
34095
34096
34116
34119
34125
34129
34201
34236
34258
34261
34263
34270
34276
34277
34281
34291
34292
34298
34303
34304
34315
34316
34338
34340
34363
34373
34395
34396
34402
34410
34411
34426
34431
34432
34439
34448
34522
34533
34554
34559
34563
34564
34566
34579
34582
34583
34586
34587
34589
34595
34598
34599
34600
34601
34604
34610
34622
34625
34659
34687
34689
34690
34693
34697
34698
34703
34713
34714
34715
34716
34724
34728
34731
34760
34769
34780
34784
34789
34821
34832
34833
34848
34849
34888
34898
34917
34929
34933
34938
34941
34949
34960
34991
34992
34998
35026
35042
35043
35049
35068
35069
35082
35094
35119
35128
35129
35155
35159
35210
35211
35217
35229
35237
35241
35244
35264
35290
35291
35302
35324
35366
35385
35396
35399
35400
35402
35406
35416
35417
35421
35422
35423
35428
35434
35441
35443
35448
35450
35452
35454
35456
35489
35499
35502
35503
35509
35510
35513
35551
35582
35592
35619
35625
35630
35633
35638
35646
35669
35676
35679
35697
35698
35701
35714
35715
35728
35729
35732
35757
35758
35772
35776
35789
35803
35815
35822
35828
35834
35847
35849
35850
35859
35867
35873
35880
35897
35903
35917
35922
35938
35945
35946
35956
35961
35963
35969
35977
35978
35979
35980
35986
35988
35989
35992
35993
36002
36006
36014
36016
36022
36032
36036
36047
36049
36076
36078
36080
36087
36103
36111
36115
36125
36126
36128
36134
36137
36141
36143
36147
36154
36168
36174
36177
36194
36198
36201
36214
36222
36229
36231
36236
36239
36249
36254
36260
36262
36269
36270
36272
36274
36275
36278
36293
36294
36295
36296
36299
36303
36305
36324
36336
36338
36346
36387
36388
36389
36407
36408
36424
36433
36440
36441
36442
36478
36482
36486
36487
36497
36498
36510
36528
36530
36538
36550
36554
36555
36563
36567
36576
36578
36579
36589
36598
36601
36616
36620
36627
36633
36634
36635
36645
36649
36652
36655
36658
36659
36665
36667
36701
36711
36732
36734
36737
36754
36769
36797
36809
36812
36815
36827
36829
36833
36849
36850
36864
36867
36877
36894
36901
36904
36905
36919
36931
36935
36942
36945
36946
36950
36972
36987
36992
36993
36994
37013
37028
37029
37040
37043
37046
37047
37048
37049
37053
37054
37072
37080
37088
37089
37101
37109
37110
37117
37129
37153
37154
37156
37163
37164
37166
37169
37170
37175
37185
37200
37215
37220
37222
37241
37242
37243
37244
37246
37262
37271
37273
37274
37278
37287
37291
37292
37303
37315
37329
37330
37367
37368
37378
37379
37380
37381
37384
37385
37397
37407
37418
37421
37425
37427
37428
37441
37442
37461
37464
37489
37494
37497
37499
37503
37505
37509
37510
37511
37514
37524
37533
37551
37556
37563
37565
37573
37589
37597
37601
37603
37627
37634
37636
37637
37638
37643
37644
37654
37672
37692
37712
37713
37722
37724
37731
37737
37739
37741
37765
37776
37777
37781
37795
37802
37811
37815
37816
37821
37822
37823
37836
37843
37844
37849
37858
37866
37867
37877
37882
37883
37889
37900
37902
37917
37919
37932
37940
37952
37969
37972
37985
37986
37999
38000
38001
38011
38020
38057
38059
38060
38067
38077
38079
38082
38083
38098
38100
38108
38111
38124
38126
38140
38141
38153
38174
38175
38189
38192
38212
38221
38224
38250
38251
38255
38263
38269
38271
38279
38297
38299
38300
38304
38319
38323
38328
38331
38332
38345
38365
38387
38388
38391
38392
38397
38401
38402
38405
38408
38413
38416
38418
38419
38432
38433
38444
38453
38459
38460
38461
38466
38470
38499
38500
38501
38502
38522
38524
38525
38526
38530
38531
38534
38537
38553
38560
38569
38572
38575
38587
38597
38602
38624
38627
38628
38651
38671
38678
38686
38687
38693
38696
38698
38704
38713
38728
38744
38745
38750
38754
38755
38758
38759
38764
38769
38771
38780
38796
38800
38815
38817
38825
38827
38830
38835
38851
38852
38855
38862
38866
38872
38874
38876
38881
38888
38899
38900
38901
38912
38917
38919
38929
38945
38950
38953
38954
38966
38982
38984
38986
38988
39011
39014
39022
39028
39029
39036
39045
39054
39056
39063
39065
39071
39077
39082
39088
39103
39129
39140
39141
39145
39154
39155
39179
39182
39184
39186
39191
39198
39203
39205
39206
39208
39216
39228
39234
39237
39240
39257
39261
39262
39268
39271
39272
39297
39298
39299
39304
39327
39332
39336
39358
39360
39361
39362
39368
39385
39400
39421
39422
39451
39460
39471
39473
39487
39491
39509
39514
39520
39521
39527
39531
39537
39545
39565
39569
39570
39573
39596
39605
39611
39618
39620
39621
39643
39656
39668
39678
39686
39697
39698
39703
39706
39711
39720
39728
39737
39740
39741
39763
39772
39776
39797
39814
39816
39823
39843
39849
39855
39870
39871
39876
39878
39879
39890
39895
39898
39913
39917
39918
39924
39937
39941
39942
39949
39962
39977
39981
39985
39991
39992
39994
39995
39996
40013
40017
40026
40031
40032
40037
40045
40051
40053
40060
40068
40073
40082
40087
40088
40097
40098
40099
40100
40101
40103
40121
40127
40129
40136
40137
40161
40162
40180
40187
40188
40202
40203
40210
40214
40215
40229
40232
40245
40251
40275
40357
40363
40379
40409
40418
40456
40500
40507
40541
40593
40625
40639
40670
40672
40721
40779
40795
40826
40882
40912
40915
40928
40937
40943
40952
40959
40978
40991
40992
41015
41027
41066
41100
41110
41123
41130
41131
41159
41160
41171
41188
41224
41225
41258
41259
41299
41312
41348
41353
41360
41361
41366
41376
41390
41394
41411
41429
41485
41497
41508
41554
41570
41600
41601
41603
41611
41626
41633
41634
41641
41644
41661
41675
41699
41707
41716
41722
41723
41743
41747
41748
41777
41778
41791
41799
41810
41821
41833
41837
41841
41846
41852
41860
41861
41864
41877
41932
41952
41961
41962
41983
41993
42003
42007
42019
42020
42022
42028
42067
42069
42070
42108
42113
42138
42139
42153
42165
42181
42188
42198
42219
42221
42223
42232
42241
42268
42292
42297
42310
42323
42401
42428
42429
42435
42441
42452
42464
42470
42480
42483
42485
42486
42492
42493
42494
42497
42498
42501
42508
42511
42514
42520
42542
42544
42551
42553
42556
42561
42562
42569
42584
42588
42590
42597
42619
42620
42621
42631
42648
42657
42664
42667
42668
42673
42676
42684
42687
42689
42709
42710
42711
42713
42715
42716
42717
42723
42724
42726
42736
42739
42743
42747
42752
42753
42781
42782
42794
42796
42797
42812
42821
42827
42833
42834
42840
42842
42851
42853
42857
42863
42866
42867
42873
42874
42905
42906
42908
42912
42922
42944
42945
42949
42951
42959
42967
42979
42980
42989
42997
43011
43017
43018
43019
43026
43029
43031
43033
43036
43038
43052
43063
43066
43076
43077
43080
43090
43091
43096
43099
43101
43103
43110
43122
43131
43135
43143
43144
43148
43149
43152
43154
43156
43166
43168
43169
43174
43176
43178
43180
43190
43193
43194
43197
43201
43202
43203
43205
43215
43229
43234
43237
43238
43244
43245
43246
43253
43254
43259
43260
43267
43271
43274
43275
43277
43285
43286
43298
43302
43307
43308
43309
43314
43320
43323
43325
43331
43336
43338
43340
43341
43342
43344
43349
43351
43352
43354
43355
43358
43362
43364
43368
43372
43375
43381
43383
43384
43390
43391
43396
43406
43417
43418
43421
43425
43432
43513
43517
43528
43535
43677
43681
43691
43706
43710
43722
43748
43753
43769
43891
43915
43938
43945
43950
44012
44029
44050
44056
44064
44065
44091
44092
44102
44138
44191
44222
44237
44263
44265
44298
44300
44307
44344
44355
44358
44368
44414
44416
44459
44521
44617
44655
44670
44697
44724
44725
44727
44728
44730
44740
44742
44743
44768
44769
44791
44792
44869
44876
44895
44902
44910
44931
44935
44944
44970
44973
45017
45042
45047
45108
45110
45150
45176
45192
45218
45219
45220
45221
45232
45242
45244
45253
45273
45285
45290
45291
45317
45341
45344
45365
45386
45387
45388
45391
45394
45401
45405
45406
45410
45411
45422
45423
45451
45452
45480
45498
45531
45536
45549
45551
45583
45658
45662
45665
45677
45724
45736
45738
45782
45808
45813
45827
45834
45874
45896
45952
45960
45961
45987
45994
46011
46012
46019
46025
46033
46047
46086
46105
46112
46123
46156
46159
46160
46163
46173
46184
46206
46218
46231
46233
46244
46246
46258
46264
46282
46284
46295
46316
46317
46325
46329
46342
46346
46350
46352
46378
46382
46383
46394
46395
46401
46402
46421
46436
46446
46447
46450
46468
46469
46470
46474
46478
46519
46523
46551
46555
46568
46588
46619
46621
46639
46662
46682
46693
46697
46730
46733
46735
46737
46760
46764
46771
46779
46780
46806
46810
46862
46863
46864
46879
46880
46883
46908
46921
46925
46926
46934
46972
46992
47009
47021
47035
47048
47054
47092
47097
47115
47122
47126
47147
47166
47179
47192
47199
47207
47215
47217
47273
47283
47290
47315
47364
47372
47405
47410
47416
47420
47424
47435
47447
47448
47472
47523
47524
47528
47539
47549
47560
47567
47569
47570
47571
47572
47583
47584
47588
47592
47615
47624
47625
47640
47641
47672
47675
47712
47719
47725
47734
47739
47741
47757
47773
47786
47790
47800
47819
47852
47860
47863
47883
47894
47903
47904
47921
47932
47943
47955
47966
48000
48001
48004
48031
48049
48051
48064
48093
48105
48110
48116
48151
48164
48169
48188
48200
48207
48209
48224
48233
48234
48235
48251
48255
48282
48283
48297
48298
48301
48323
48341
48373
48374
48376
48386
48399
48405
48411
48418
48425
48433
48434
48444
48462
48463
48464
48465
48470
48478
48480
48503
48553
48554
48558
48612
48634
48651
48676
48681
48683
48744
48745
48747
48750
48760
48845
48930
48999
49008
49087
49119
49139
49144
49156
49160
49163
49206
49226
49227
49230
49246
49250
49313
49318
49319
49329
49418
49419
49446
49480
49484
49502
49555
49587
49696
49771
49790
49798
49815
49876
49893
49895
49896
49904
49916
49923
49951
49981
49982
49995
50006
50038
50039
50040
50046
50065
50105
50110
50122
50132
50140
50141
50208
50211
50224
50229
50230
50231
50242
50258
50265
50267
50274
50292
50308
50363
50364
50389
50400
50402
50433
50465
50468
50469
50497
50514
50536
50537
50578
50592
50638
50640
50648
50656
50659
50714
50715
50720
50784
50785
50828
50889
50901
50904
50925
50928
50929
50988
51379
51446
51559
51839
51883
51951
52180
52234
52265
52327
52386
52425
52890
52892
52900
52980
52982
53004
53123
53181
53247
53264
53312
53313
53320
53438
53486
53554
53557
53614
53665
53677
53749
53810
53865
53903
53936
53964
54084
54092
54236
54256
54456
54480
54534
54541
54600
54747
54828
54838
54872
54907
55095
55110
55122
55150
55312
55364
55399
55599
55739
55743
55832
55879
55888
55944
56015
56187
56190
56244
56246
56313
56318
56444
56678
56685
56687
56762
56899
56902
56926
57013
57024
57052
57158
57225
57236
57255
57264
57294
57467
57518
57610
57613
57753
57774
57775
57841
57900
57932
57947
58110
58191
58232
58358
58376
58414
58503
58602
58603
58648
58692
58698
58714
58747
58800
58988
59076
59148
59172
59182
59270
59345
59346
59434
59443
59467
59477
59488
59522
59629
59714
59725
59769
59777
59783
59844
59867
59882
59922
59955
60045
60094
60136
60181
60213
60230
60231
60293
60307
60364
60374
60392
60453
60468
60496
60501
60512
60536
60634
60641
60662
60663
60706
60738
60753
60788
60806
60842
60859
60879
60880
60887
60924
60966
60979
60983
61022
61042
61054
61143
61160
61206
61207
61302
61333
61404
61437
61439
61467
61525
61530
61584
61585
61592
61618
61633
61676
61687
61703
61713
61791
61869
61884
61942
61960
61961
62008
62022
62067
62069
62071
62079
62081
62094
62098
62161
62175
62188
62231
62279
62314
62344
62348
62419
62430
62449
62452
62456
62483
62533
62545
62557
62567
62574
62581
62693
62745
62751
62772
62792
62800
62801
62802
62804
62820
62822
62855
62909
62938
62940
62946
62955
62969
62970
62984
63070
63092
63125
63133
63144
63150
63151
63153
63200
63213
63229
63230
63251
63278
63298
63346
63404
63420
63504
63532
63556
63597
63614
63622
63625
63631
63632
63634
63649
63682
63710
63735
63752
63773
63774
63785
63796
63801
63818
63820
63866
63880
63901
63904
63916
63927
63935
63956
63974
63992
64022
64032
64079
64086
64108
64115
64137
64140
64203
64211
64256
64258
64260
64314
64335
64355
64367
64410
64422
64424
64433
64434
64449
64470
64482
64531
64539
64563
64575
64592
64625
64630
64633
64636
64657
64667
64673
64675
64678
64698
64733
64803
64810
64814
64820
64823
64831
64832
64833
64856
64874
64887
64896
64897
64898
64943
64946
65003
65022
65035
65072
65078
65090
65101
65109
65124
65169
65228
65230
65233
65258
65272
65320
65333
65344
65355
65356
65358
65366
65368
65377
65391
65395
65396
65401
65403
65409
65485
65488
65493
65505
65529
65538
65543
65584
65594
65607
65627
65628
65647
65714
65718
65726
65739
65744
65761
65771
65796
65815
65819
65828
65874
65882
65883
65892
65898
65925
65930
65931
65949
65950
65951
65952
65976
65980
65983
65986
65998
66002
66028
66042
66066
66084
66085
66089
66095
66096
66110
66111
66117
66118
66123
66128
66135
66142
66151
66174
66190
66224
66233
66234
66236
66238
66268
66345
66346
66367
66370
66456
66462
66465
66472
66484
66496
66511
66518
66522
66527
66542
66560
66584
66588
66617
66619
66636
66656
66666
66704
66705
66737
66768
66773
66800
66807
66821
66846
66847
66879
66881
66890
66924
66925
66952
66963
66989
66990
66997
67011
67016
67021
67082
67089
67097
67116
67131
67142
67147
67148
67150
67158
67166
67184
67202
67223
67235
67261
67271
67275
67296
67346
67354
67356
67401
67407
67416
67417
67421
67440
67442
67454
67462
67465
67519
67539
67563
67586
67600
67606
67627
67646
67663
67709
67711
67712
67748
67767
67781
67795
67819
67822
67853
67861
67880
67881
67888
67891
67892
67903
67905
67936
67962
67973
68012
68023
68032
68033
68038
68042
68105
68135
68139
68150
68152
68163
68173
68182
68212
68222
68224
68246
68247
68275
68302
68303
68305
68306
68313
68320
68326
68339
68344
68448
68466
68476
68478
68482
68486
68488
68500
68519
68520
68526
68537
68539
68540
68543
68594
68601
68608
68632
68634
68640
68653
68663
68669
68687
68695
68697
68698
68708
68711
68729
68735
68766
68778
68780
68790
68793
68794
68798
68801
68816
68824
68837
68838
68839
68849
68855
68858
68861
68866
68894
68896
68911
68912
68916
68945
68951
68966
68974
68975
68977
68978
69006
69018
69028
69030
69034
69035
69044
69053
69061
69062
69066
69078
69080
69110
69149
69190
69204
69243
69249
69267
69311
69349
69358
69363
69368
69398
69402
69412
69444
69455
69456
69465
69478
69487
69496
69505
69514
69519
69526
69534
69569
69584
69587
69608
69621
69630
69656
69665
69675
69677
69679
69680
69681
69685
69686
69691
69698
69699
69727
69756
69789
69804
69810
69827
69848
69849
69856
69860
69868
69888
69899
69904
69917
69918
69938
69946
69947
69948
69983
69992
69998
70016
70030
70039
70047
70057
70065
70067
70068
70090
70094
70096
70097
70105
70113
70127
70129
70145
70156
70159
70169
70170
70235
70241
70242
70259
70274
70275
70276
70300
70311
70337
70344
70365
70381
70391
70395
70419
70447
70465
70471
70479
70482
70487
70498
70500
70505
70532
70538
70544
70560
70570
70571
70575
70596
70609
70610
70665
70679
70684
70696
70744
70752
70765
70776
70781
70782
70802
70813
70824
70836
70850
70866
70869
70890
70895
70896
70930
70931
70938
70943
70958
70997
71008
71023
71029
71042
71044
71078
71106
71118
71124
71129
71135
71146
71149
71177
71183
71184
71187
71188
71213
71255
71256
71257
71271
71289
71307
71321
71324
71354
71367
71368
71396
71397
71404
71407
71412
71413
71419
71421
71422
71433
71463
71478
71498
71511
71514
71517
71560
71569
71570
71596
71598
71623
71628
71629
71630
71656
71657
71668
71692
71693
71711
71729
71735
71746
71747
71751
71753
71762
71797
71817
71822
71823
71916
72009
72019
72053
72108
72141
72145
72208
72213
72221
72250
72268
72283
72284
72298
72322
72337
72341
72343
72525
72599
72635
72636
72668
72703
72706
72707
72732
72741
72817
72834
72848
72854
72864
72884
72889
72890
72933
72947
72953
73069
73207
73237
73285
73300
73307
73344
73479
73488
73500
73552
73564
73617
73644
73701
73768
73876
73929
73951
74004
74032
74105
74126
74127
74170
74177
74185
74191
74195
74202
74228
74236
74267
74292
74319
74358
74404
74417
74474
74549
74561
74629
74639
74655
74656
74718
74719
74770
74830
74842
74879
74941
74965
75017
75067
75110
75185
75191
75232
75242
75248
75255
75267
75268
75286
75299
75347
75349
75358
75400
75408
75454
75476
75490
75502
75503
75504
75512
75513
75521
75522
75554
75581
75617
75636
75732
75735
75739
75773
75780
75866
75905
75934
75957
75962
75965
75998
76003
76024
76029
76048
76054
76069
76071
76097
76100
76101
76112
76128
76192
76216
76231
76271
76277
76279
76290
76299
76316
76332
76333
76405
76406
76426
76427
76438
76455
76458
76467
76531
76565
76627
76638
76645
76657
76673
76713
76743
76773
76774
76793
76939
76951
76955
76956
76992
76994
77019
77078
77086
77090
77100
77124
77155
77168
77213
77214
77245
77300
77320
77413
77447
77448
77525
77531
77546
77562
77571
77618
77627
77705
77738
77758
77777
77783
77787
77790
77811
77843
77854
77860
77922
77976
77983
78066
78118
78145
78213
78255
78256
78257
78324
78406
78519
78520
78540
78543
78563
78582
78653
78756
78767
78784
78863
78885
79020
79062
79063
79064
79092
79097
79120
79130
79149
79155
79196
79378
79394
79400
79435
79480
79515
79533
79539
79568
79569
79573
79600
79602
79636
79661
79682
79703
79715
79738
79760
79763
79780
79884
79886
80025
80026
80050
80127
80128
80188
80200
80239
80278
80325
80369
80370
80375
80389
80460
80574
80632
80751
80752
80778
80807
80809
80819
80843
80885
80899
80967
80970
80999
81002
81019
81040
81053
81073
81120
81148
81149
81173
81239
81272
81289
81290
81297
81307
81314
81315
81326
81338
81346
81356
81382
81385
81386
81398
81399
81409
81426
81446
81465
81495
81496
81501
81515
81533
81540
81553
81561
81589
81632
81667
81693
81731
81772
81792
81812
81831
81852
81865
81909
81933
81944
81948
81964
81969
81992
81998
82000
82002
82003
82006
82010
82020
82026
82041
82047
82049
82079
82089
82117
82145
82153
82159
82184
82262
82314
82594
82620
82633
82665
82704
82713
82714
82730
82759
82850
82853
82880
82984
83005
83072
83074
83115
83122
83159
83178
83181
83254
83267
83320
83361
83498
83540
83585
83679
83700
83723
83765
83807
83857
83874
83967
83978
84094
84141
84178
84179
84212
84224
84320
84347
84365
84379
84380
84392
84400
84444
84487
84519
84542
84545
84549
84550
84560
84567
84576
84585
84586
84594
84619
84673
84695
84698
84824
84840
84873
84883
84965
85023
85180
85241
85266
85311
85377
85378
85392
85397
85402
85414
85427
85511
85530
85541
85543
85552
85557
85564
85581
85583
85607
85640
85656
85681
85682
85718
85733
85738
85741
85744
85750
85751
85755
85763
85767
85769
85774
85806
85807
85813
85835
85842
85847
85849
85851
85864
85872
85876
85886
85899
85900
85909
85917
85919
85922
85928
85942
85946
85956
85971
85975
85989
86000
86014
86021
86025
86030
86032
86040
86041
86043
86051
86064
86071
86073
86087
86099
86107
86119
86123
86128
86146
86175
86181
86184
86186
86188
86205
86206
86210
86226
86239
86249
86266
86282
86296
86299
86302
86309
86310
86336
86343
86354
86359
86372
86385
86418
86471
86481
86499
86512
86523
86525
86527
86528
86549
86550
86581
86601
86665
86675
86733
86758
86815
86837
86862
86870
86876
86893
86915
86990
87013
87023
87050
87091
87092
87095
87108
87123
87148
87163
87172
87182
87230
87248
87255
87260
87287
87294
87346
87348
87358
87376
87381
87390
87393
87403
87406
87407
87416
87426
87432
87440
87444
87445
87446
87447
87465
87474
87476
87483
87501
87502
87525
87544
87546
87560
87578
87623
87628
87673
87809
87853
87880
87945
88009
88012
88062
88109
88127
88135
88180
88191
88202
88225
88237
88286
88289
88298
88313
88329
88369
88569
88611
88815
89254
89458
89677
89868
89955
90026
90192
90315
90716
90767
90796
91080
91160
91336
91349
91350
91366
91427
91553
91572
91768
91797
91807
91874
91898
92003
92036
92142
92165
92205
92357
92451
92604
92626
92694
92765
92780
92896
92934
92961
92972
93058
93092
93093
93169
93194
93251
93259
93274
93457
93478
93622
93779
93780
93856
93929
93969
93988
94070
94220
94225
94232
94247
94287
94320
94346
94518
94520
94574
94618
94635
94679
94700
94734
94813
94910
94997
95137
95153
95190
95231
95278
95501
95539
95542
95591
95611
95646
95694
95732
95783
95841
95850
95884
95980
95998
96034
96052
96055
96056
96080
96091
96099
96106
96111
96128
96136
96148
96162
96192
96207
96223
96245
96257
96272
96320
96330
96340
96369
96392
96403
96432
96476
96492
96510
96525
96606
96648
96652
96687
96705
96718
96726
96747
96750
96824
96869
97015
97019
97020
97029
97056
97059
97067
97071
97074
97144
97151
97194
97220
97241
97250
97316
97320
97364
97370
97417
97418
97419
97440
97482
97499
97579
97588
97614
97623
97641
97737
97752
97789
97805
97812
97832
97862
97886
97896
97899
97902
97905
97915
97916
97922
97963
98003
98004
98007
98014
98032
98033
98037
98038
98076
98120
98161
98282
98355
98373
98412
98441
98472
98513
98574
98599
98611
98635
98717
98724
98733
98752
98753
98770
98794
98805
98808
98828
98854
98856
98888
98896
98902
98915
98932
98977
99021
99032
99048
99051
99187
99217
99229
99233
99248
99443
99458
99472
99484
99490
99548
99577
99593
99647
99656
99684
99703
99705
99706
99728
99775
99781
99800
99858
99863
99884
99886
99941
99957
99958
99966
99979
100024
100034
100035
100045
100047
100090
100095
100133
100142
100249
100285
100311
100316
100375
100403
100422
100434
100441
100462
100493
100521
100524
100549
100551
100599
100612
100635
100660
100699
100716
100729
100752
100808
100874
100922
100936
100950
101017
101039
101075
101119
101178
101197
101201
101203
101210
101340
101348
101433
101458
101479
101485
101542
101546
101599
101624
101662
101681
101689
101723
101730
101895
102028
102063
102074
102078
102090
102110
102192
102205
102223
102235
102247
102303
102305
102360
102361
102363
102391
102454
102472
102482
102503
102507
102511
102512
102517
102518
102529
102558
102576
102577
102608
102634
102643
102667
102703
102711
102714
102719
102756
102785
102790
102809
102826
102857
102858
102879
102899
102900
102911
102912
102913
102947
102952
102988
103035
103038
103063
103066
103096
103118
103119
103137
103149
103156
103173
103181
103189
103198
103206
103235
103245
103246
103247
103258
103278
103305
103307
103310
103320
103330
103338
103361
103387
103398
103404
103451
103493
103496
103500
103508
103518
103527
103531
103532
103578
103593
103596
103599
103627
103630
103635
103664
103665
103670
103672
103682
103694
103697
103700
103749
103760
103779
103789
103831
103848
103908
103914
103934
103935
103951
104005
104017
104018
104022
104035
104043
104073
104074
104089
104091
104095
104096
104097
104109
104121
104136
104139
104151
104154
104162
104173
104192
104194
104239
104243
104244
104248
104255
104268
104269
104270
104301
104309
104344
104345
104356
104358
104374
104401
104417
104431
104437
104443
104444
104454
104472
104477
104480
104483
104485
104503
104520
104547
104565
104572
104577
104580
104595
104617
104622
104626
104641
104642
104647
104665
104668
104669
104679
104682
104695
104732
104733
104762
104763
104779
104780
104788
104796
104797
104829
104941
105013
105221
105251
105268
105276
105344
105353
105355
105416
105421
105428
105503
105618
105677
105682
105694
105807
105881
105882
105924
105925
105926
105933
105934
106037
106038
106076
106092
106100
106102
106136
106175
106196
106223
106231
106234
106306
106353
106390
106391
106397
106406
106420
106426
106439
106448
106500
106505
106531
106567
106576
106609
106620
106667
106683
106711
106776
106789
106812
106813
106825
106856
106887
106891
106928
106934
106937
106949
106957
106969
107018
107023
107027
107031
107041
107062
107083
107127
107140
107145
107147
107175
107224
107225
107253
107256
107269
107284
107286
107307
107320
107336
107439
107449
107459
107492
107501
107503
107510
107560
107570
107573
107586
107597
107602
107629
107630
107631
107640
107643
107658
107661
107695
107701
107704
107712
108141
108206
108261
108414
108416
108478
108481
108687
108750
108780
108783
109037
109113
109133
109403
109405
109419
109475
109522
109724
109917
109986
110054
110111
110255
110330
110345
110368
110435
110460
110562
110580
110581
110582
110619
110658
110664
110672
110780
110792
110859
110920
110968
110981
111047
111053
111073
111076
111119
111158
111196
111289
111321
111351
111391
111507
111531
111582
111620
111645
111653
111660
111730
111742
111863
111912
111915
111916
111932
111992
111993
112119
112134
112149
112260
112269
112272
112275
112315
112321
112325
112337
112383
112439
112479
112487
112537
112540
112550
112587
112617
112649
112651
112844
112907
112927
112979
113030
113037
113131
113159
113195
113220
113228
113229
113379
113414
113422
113442
113489
113490
113491
113572
113688
113689
113700
113790
113795
113798
113824
113827
113839
113882
113883
113888
113920
113922
113948
114017
114066
114078
114200
114204
114227
114232
114249
114264
114326
114344
114352
114374
114477
114521
114537
114540
114545
114566
114596
114630
114693
114697
114702
114753
114765
114798
114803
114811
114836
114852
114856
114872
114908
114929
114930
115058
115073
115086
115102
115108
115113
115167
115191
115194
115195
115216
115228
115229
115238
115239
115257
115265
115340
115351
115362
115367
115429
115442
115465
115475
115478
115479
115496
115512
115523
115551
115557
115600
115627
115656
115671
115707
115708
115716
115736
115737
115759
115799
115809
115860
115872
115879
115910
115930
115946
115970
115979
115980
116000
116033
116097
116115
116125
116130
116133
116173
116217
116221
116236
116242
116254
116269
116281
116300
116312
116389
116409
116431
116433
116434
116481
116488
116546
116555
116585
116641
116652
116660
116843
116855
116978
117067
117118
117128
117307
117316
117323
117652
117703
117761
117807
117811
117849
118133
118198
118208
118308
118330
118436
118586
118592
118602
118607
118653
118768
118791
118918
118920
118943
118962
119069
119079
119081
119183
119214
119254
119264
119314
119344
119548
119606
119618
119619
119631
119658
119689
119720
119743
119753
119754
119755
119806
119845
119852
119855
119968
120018
120035
120060
120097
120100
120115
120126
120133
120145
120151
120199
120200
120237
120238
120288
120337
120380
120400
120404
120410
120439
120441
120472
120478
120509
120539
120544
120550
120553
120566
120668
120722
120776
120792
120845
120850
120861
120929
120949
120984
120989
121038
121053
121054
121055
121134
121142
121178
121245
121288
121359
121362
121367
121400
121413
121485
121501
121507
121579
121601
121668
121704
121846
121894
121917
122024
122106
122107
122197
122223
122255
122257
122343
122555
122596
122597
122658
122684
122699
122700
122721
122738
122814
122815
122852
122914
122986
123071
123108
123118
123260
123262
123276
123287
123320
123385
123414
123427
123431
123469
123478
123487
123581
123582
123623
123630
123631
123633
123707
123733
123758
123836
123902
124105
124159
124161
124165
124190
124218
124281
124448
124534
124545
124567
124575
124632
124635
124651
124707
124717
124762
124775
124804
124807
124828
124847
124853
124855
124879
124896
124913
124985
125077
125080
125103
125107
125152
125172
125197
125203
125224
125275
125289
125397
125422
125443
125510
125511
125516
125548
125588
125625
125637
125643
125644
125654
125663
125682
125750
125789
125790
125889
125963
125982
126012
126031
126033
126037
126038
126043
126045
126067
126075
126077
126107
126158
126257
126270
126305
126314
126335
126359
126379
126454
126544
126545
126571
126577
126578
126590
126594
126625
126648
126664
126706
126713
126763
126802
126840
126843
126848
126864
126903
126905
126923
126930
126940
126953
126956
126985
127023
127024
127029
127034
127411
127429
127458
127490
127491
127501
127532
127535
127580
127587
127589
127606
127796
127844
127895
128005
128042
128066
128069
128117
128135
128149
128151
128186
128256
128257
128318
128373
128455
128489
128533
128535
128552
128585
128593
128654
128670
128684
128686
128711
128723
128764
128784
128869
128877
128907
128927
128933
128941
128970
128978
128982
128987
129006
129016
129049
129084
129086
129124
129125
129137
129161
129163
129188
129192
129216
129217
129218
129253
129292
129302
129311
129314
129331
129333
129363
129364
129365
129377
129417
129420
129441
129464
129479
129490
129521
129525
129535
129546
129562
129592
129594
129604
129606
129611
129621
129628
129639
129645
129648
129663
129695
129702
129737
129741
129744
129775
129787
129790
129796
129802
129807
129809
129852
129867
129933
129945
129947
129948
129991
130021
130024
130040
130046
130047
130051
130053
130062
130083
130089
130092
130096
130103
130112
130120
130122
130143
130146
130187
130188
130196
130207
130230
130239
130247
130260
130266
130284
130290
130301
130303
130304
130305
130320
130324
130338
130357
130363
130478
130565
130600
130645
130727
130765
130804
130811
130812
130829
130865
130894
130939
130945
130979
131039
131040
131076
131082
131143
131172
131178
131206
131281
131298
131306
131311
131332
131341
131356
131469
131498
131499
131577
131665
131882
131946
131994
132000
132006
132139
132270
132290
132308
132368
132390
132514
132524
132533
132562
132563
132649
132653
132692
132716
132721
132794
132795
132830
132871
132971
133018
133070
133091
133118
133134
133171
133185
133205
133255
133261
133287
133302
133361
133382
133385
133406
133500
133541
133574
133594
133595
133612
133700
133701
133776
133782
133800
133824
133827
133829
133846
133855
133859
133877
133883
133884
133891
133908
133910
133911
133931
133992
134003
134012
134044
134045
134060
134063
134080
134091
134110
134112
134121
134127
134153
134202
134240
134245
134263
134272
134282
134289
134300
134344
134353
134354
134395
134400
134423
134441
134510
134553
134685
134720
134721
134733
134756
134766
134772
134782
134788
134791
134808
134862
134875
134879
134905
134943
134989
134994
135001
135031
135038
135043
135055
135070
135071
135075
135140
135179
135205
135232
135236
135244
135263
135270
135276
135298
135301
135304
135309
135355
135412
135413
135440
135447
135457
135458
135464
135472
135476
135478
135498
135503
135504
135515
135526
135544
135571
135580
135595
135605
135621
135712
135742
135752
135798
135875
136124
136134
136143
136145
136156
136268
136396
136416
136735
136748
136792
136812
136830
136836
136838
136870
136896
136925
137063
137126
137142
137148
137150
137166
137348
137363
137370
137378
137397
137436
137441
137448
137452
137481
137502
137504
137513
137540
137571
137596
137598
137602
137622
137653
137654
137671
137712
137713
137737
137757
137782
137824
137847
137852
137872
137908
137915
137928
137933
137934
138011
138061
138073
138098
138111
138114
138125
138127
138137
138159
138211
138212
138215
138235
138261
138313
138324
138341
138360
138372
138404
138405
138411
138449
138470
138485
138487
138523
138525
138526
138532
138537
138539
138546
138580
138588
138608
138634
138638
138644
138645
138666
138672
138681
138684
138702
138703
138729
138751
138770
138771
138781
138785
138791
138815
138826
138839
138844
138847
138855
138859
138863
138868
138870
138874
138878
138885
138893
138894
138896
138897
138905
138918
138919
138923
138930
138937
138938
138944
139032
139079
139081
139085
139094
139098
139103
139114
139172
139185
139202
139215
139238
139241
139245
139254
139261
139263
139270
139275
139281
139282
139286
139293
139303
139307
139310
139326
139336
139340
139352
139355
139376
139381
139382
139394
139404
139425
139432
139450
139479
139500
139544
139564
139576
139606
139631
139643
139722
139849
139910
139917
139930
139935
139996
140085
140086
140088
140158
140198
140199
140357
140401
140430
140439
140483
140528
140529
140535
140557
140559
140570
140574
140656
141054
141090
141204
141207
141232
141295
141323
141351
141361
141373
141374
141381
141384
141419
141428
141429
141430
141448
141499
141534
141569
141570
141585
141593
141596
141601
141602
141603
141708
141973
142198
142268
142270
142430
142639
142644
142824
143393
143422
143457
143658
143708
143723
143758
143928
143968
144161
144335
144350
144360
144406
144932
144955
144976
144985
145114
145324
145461
145465
145520
145542
145561
145578
145593
145614
145619
145691
145844
145893
145972
145989
145991
145995
146018
146056
146079
146174
146240
146264
146372
146407
146436
146451
146477
146482
146496
146501
146563
146612
146658
146671
146771
146781
146831
146848
146856
146862
146865
146874
146893
146900
146931
146951
146967
147002
147016
147036
147045
147129
147131
147148
147152
147157
147196
147201
147244
147275
147288
147299
147353
147384
147441
147442
147455
147467
147487
147492
147507
147516
147564
147568
147593
147597
147608
147624
147677
147712
147749
147800
148034
148068
148098
148130
148145
148330
148468
148481
148482
148740
148745
148795
148805
148817
148850
148852
149280
149462
149568
149673
149707
149832
149889
149972
149985
150008
150038
150049
150083
150097
150119
150122
150248
150329
150399
150591
150600
150611
150623
150689
150797
150863
150883
150924
150934
150995
150999
151104
151183
151189
151211
151265
151318
151391
151428
151513
151555
151562
151573
151586
151648
151661
151674
151682
151691
151727
151732
151749
151759
151801
151821
151934
152288
152354
152562
152567
152583
152586
152620
152621
152668
152684
152800
152844
152852
152859
152862
152944
152981
153036
153162
153267
153329
153330
153333
153376
153402
153452
153468
153484
153518
153529
153562
153595
153602
153605
153651
153727
153735
153766
153774
153775
153785
153789
153808
153837
153852
153857
153894
153927
153934
154009
154060
154078
154372
154444
154569
154696
154797
154867
154959
154974
155008
155094
155229
155295
155484
155589
156504
156558
156659
156732
156828
156867
157289
157314
157356
157552
157591
157710
157749
157751
157752
157753
157957
157973
157982
157987
157989
157990
158023
158036
158044
158050
158053
158054
158069
158073
158081
158089
158093
158100
158108
158109
158118
158126
158131
158140
158147
158151
158159
158161
158164
158165
158168
158172
158177
158182
158201
158212
158215
158216
158217
158224
158225
158227
158228
158233
158264
158275
158276
158281
158291
158300
158307
158309
158318
158320
158322
158331
158335
158347
158352
158353
158357
158358
158370
158373
158376
158380
158402
158408
158409
158411
158412
158416
158444
158446
158452
158458
158460
158465
158466
158467
158654
160521
161100
161101
161179
161533
161534
161567
161602
161841
162243
162308
162393
162574
162575
162687
162729
162759
162768
162830
162871
162932
162968
163024
163067
163070
163071
163130
163286
163287
163291
163293
163307
163395
163451
163456
163533
163565
163570
163635
163662
163729
163896
163941
164140
164158
164234
164331
164346
164380
164452
164596
164617
164623
164687
164733
164746
164748
164761
164764
164772
164988
164993
165028
165128
165141
165233
165240
165298
165415
165464
165511
165537
165564
165632
165633
165680
165736
165807
165813
165814
165857
165858
165880
165924
165951
166018
166021
166030
166053
166066
166092
166120
166133
166161
166172
166178
166193
166237
166276
166283
166311
166324
166388
166505
166579
166620
166640
166669
166720
166812
166819
166830
166899
166910
166957
167002
167008
167041
167171
167201
167202
167203
167226
167239
167249
167291
167306
167315
167327
167351
167388
167418
167419
167452
167453
167459
167497
167538
167558
167629
167705
167723
167760
167761
168062
168096
168171
168439
168583
168742
168842
168851
168932
168996
169098
169101
169318
169333
169350
169377
169456
169627
169640
169692
169704
169758
169805
169818
169871
169882
169918
169945
169970
170000
170032
170053
170113
170150
170165
170195
170198
170213
170266
170276
170297
170336
170359
170369
170482
170713
170720
170721
170727
170735
170737
170779
170845
170910
170924
170933
171045
171061
171093
171094
171148
171166
171170
171181
171196
171229
171280
171285
171342
171345
171438
171487
171490
171493
171514
171521
171522
171533
171542
171549
171574
172017
172054
172102
172287
172328
172335
172338
172357
172393
172506
172507
172616
172657
172692
172747
172756
172765
172798
173557
173914
174009
174530
174552
174565
174786
174856
174958
175036
175065
175253
175463
175491
175509
175523
175524
175533
175676
175886
175934
176001
176019
176176
176262
176277
176300
176338
176352
176494
176500
176508
176514
176564
176657
176779
176887
176935
177079
177139
177184
177210
177263
177268
177316
177392
177422
177531
177602
177606
177624
177643
177648
177714
177727
177747
177753
177768
177779
177801
177811
177838
177862
177980
177985
177993
178048
178060
178070
178118
178136
178153
178173
178180
178181
178190
178220
178262
178302
178317
178333
178357
178358
178363
178364
178388
178400
178467
178469
178482
178484
178490
178521
178525
178602
178632
178633
178636
178648
178661
178663
178692
178693
178697
178709
178719
178736
178760
178790
178793
178803
178837
178844
178845
178859
178860
178869
178886
178897
179145
179257
179327
179551
179723
179762
179877
179918
180040
180159
180310
180448
180487
180601
180623
180628
180650
180745
180773
180813
180820
180999
181014
181086
181100
181101
181166
181222
181247
181259
181299
181374
181410
181418
181452
181475
181489
182574
182635
182639
182754
182869
183082
183115
183136
183153
183518
183561
183606
183776
183778
183875
184004
184010
184011
184019
184028
184528
184548
184654
184786
184852
184956
185003
185044
185212
185213
185219
185294
185309
185313
185328
185329
185341
185344
185386
185434
185551
185609
185652
185688
185752
185877
186125
186150
186168
186199
186236
186295
186313
186323
186353
186660
186682
186683
186992
187108
187109
187128
187187
187239
187277
187287
187319
187324
187384
187404
187408
187448
187471
187482
187521
187633
187641
187642
187697
187785
187812
187817
187826
187966
187968
188067
188120
188226
188252
188255
188268
188308
188310
188335
188410
188437
188468
188501
188581
188721
188738
188753
188792
188852
188961
189021
189098
189099
189103
189125
189128
189149
189180
189206
189240
189304
189307
189356
189357
189370
189375
189402
189427
189463
189466
189549
189562
189598
189680
189710
189799
189801
189837
189851
189940
190033
190058
190064
190079
190093
190142
190146
190202
190265
190324
190450
190455
190475
190494
190514
190532
190568
190571
190598
190649
190662
190668
190739
190747
190748
190812
190861
190888
190900
190905
190927
190955
190957
190974
191019
191020
191068
191101
191153
191166
191175
191179
191275
191290
191311
191325
191335
191353
191446
191449
191482
191522
191558
191565
191578
191585
191774
191775
191808
191809
191857
191865
191944
191960
191962
192034
192043
192046
192091
192101
192102
192120
192124
192126
192141
192204
192230
192237
192246
192286
192319
192357
192372
192390
192398
192405
192473
192479
192489
192591
192610
192631
192636
192642
192648
192693
192723
192791
192798
192836
192854
192882
192889
192910
192956
192980
193052
193063
193100
193177
193179
193211
193225
193277
193313
193320
193322
193431
193440
193492
193510
193511
193518
193566
193585
193596
193635
193687
193698
193704
193707
193723
193727
193773
193785
193786
193790
194063
194074
194133
194477
194650
194671
194832
194936
195015
195090
195151
195156
195170
195231
195306
195318
195347
195360
195495
195694
195760
195761
196352
196403
196513
196595
196666
196700
196726
196737
196792
196794
196828
196960
197040
197089
197193
197201
197308
197337
197485
197602
197626
197629
197780
197817
197885
197930
197944
197957
197985
197994
198033
198056
198065
198081
198107
198123
198202
198227
198246
198342
198355
198362
198394
198448
198516
198571
198587
198602
198649
198651
198699
198730
198745
198794
198901
199275
199455
199528
199605
199623
199772
199804
200065
200143
200144
200201
200401
200409
200417
200476
200508
200574
200620
200622
200734
200925
200935
201036
201044
201067
201074
201142
201167
201183
201266
201305
201322
201388
201424
201429
201436
201447
201448
201472
201536
201572
201575
201596
201605
201616
201640
201653
201708
201728
201729
201733
201764
201773
201786
201788
201789
201796
201810
201825
201841
201867
201929
201947
201964
201996
202009
202013
202017
202062
202067
202068
202075
202110
202114
202145
202172
202181
202208
202218
202255
202755
202792
202894
202944
203000
203033
203034
203035
203044
203063
203105
203116
203190
203227
203319
203330
203346
203365
203378
203385
203402
203425
203457
203466
203467
203469
203496
203503
203510
203528
203540
203541
203573
203593
203604
203608
203642
203655
203662
203691
203702
203707
203735
203832
203849
203855
203866
203881
203890
203904
203943
204004
204022
204048
204060
204063
204064
204075
204092
204095
204143
204151
204172
204189
204191
204197
204334
204371
204608
204698
204945
204967
205007
205081
205138
205142
205168
205220
205389
205421
205443
205501
205550
205579
205649
205741
205865
206231
206401
206426
206443
206504
206570
206589
206598
206849
207607
207680
207818
208012
208323
208483
208526
208578
208956
208973
209002
209033
209105
209244
209245
210446
210957
211232
211238
211681
211758
211781
211782
211853
211882
211888
211889
211899
211911
213430
213870
213885
213957
213969
213999
214023
214039
214051
214088
214169
214221
214226
214300
214309
214310
214344
214398
214636
214705
214721
214756
214804
215131
215197
215274
215290
215390
215513
215530
215655
215881
215927
216129
216143
216165
216606
216678
216684
216702
216729
216883
216888
216961
216983
216991
217002
217049
217256
217326
217402
217531
217622
217638
217645
217660
217734
217803
217871
217973
217975
217977
218020
218061
218084
218162
218198
218225
218238
218308
218323
218324
218336
218375
218385
218407
218423
218454
218472
218525
218554
218626
218641
218680
218684
218747
218902
218928
218936
218943
218946
218991
219031
219065
219087
219088
219106
219214
219251
219253
219285
219296
219317
219353
219356
219408
219431
219466
219497
219599
219601
219606
219616
219632
219633
219635
219692
219702
219705
219732
219739
219742
219754
219778
219852
219867
219879
219906
219907
219925
219930
219935
219943
219957
219958
219974
219989
220004
220018
220021
220023
220030
220037
220047
220049
220052
220054
220061
220077
220092
220132
220142
220143
220154
220166
220177
220269
220279
220302
220321
220331
220368
220404
220473
220881
220905
220937
220995
221105
221290
221339
221609
221642
221913
221921
222053
222478
222558
222662
222663
222759
222850
222894
222990
223017
223031
223073
223247
223427
223463
223493
223495
223693
223899
224040
224100
224137
224139
224270
224290
224329
224515
224751
225548
225972
226470
226618
226784
226787
226887
226961
226975
227018
227050
227055
227253
227254
227267
227289
227384
227456
227516
227724
227780
227872
228027
228072
228257
228332
228337
228578
228579
228592
228594
228600
228640
228742
228826
228834
228857
228865
228879
228894
228910
229036
229044
229054
229058
229074
229128
229270
229369
229447
229492
229531
229602
229615
229634
229786
229844
229992
230641
230965
231161
231176
231228
231314
231373
231482
231708
231709
231722
231743
231807
231823
231852
232162
232216
233245
233260
233457
233520
233600
233815
233836
233890
233942
234026
234066
234124
234126
234138
234217
234252
234324
234325
234358
234373
234441
234448
234453
234458
234459
234485
234511
234535
234546
234588
234633
234649
234695
234702
234730
234741
234766
234781
234826
234841
234867
234873
234890
234897
234922
235007
235030
235055
235056
235069
235114
235160
235308
235688
235795
235800
235806
235891
236420
236656
236672
236844
236885
236988
237874
237978
239070
239184
239301
239549
240162
240249
240801
241075
241107
241332
241395
241480
241736
242024
242088
242091
242099
242176
242295
242341
242359
242471
242602
242644
242728
242836
243073
243164
243226
243417
243571
243855
243885
243939
243967
243969
244085
244113
244138
244192
244286
244320
244359
244380
244399
244408
244608
244631
244881
244917
244942
244948
244954
245005
245015
245030
245057
245108
245288
245338
245371
245373
245450
245620
245661
245706
245721
245858
245923
246012
246067
246091
246103
246109
246144
246230
246246
246269
246306
246309
246339
246356
246385
246450
246495
246585
246674
246683
246686
246733
246734
246746
246782
246826
246963
246966
246991
247014
247030
247050
247053
247105
247129
247214
247221
247310
247427
247537
247586
247592
247636
247678
247768
247876
247909
248047
248137
248148
248191
248202
248246
248347
248361
248450
248581
248596
248614
248625
248685
248709
248738
248771
248883
248905
248953
249007
249036
249037
249044
249075
249130
249161
249194
249237
249273
249291
249338
249351
249364
249396
249558
249598
249653
249690
249700
249756
249770
249780
249790
249795
249826
249839
249850
249851
249894
249963
250036
250049
250079
250127
250157
250180
250226
250244
250258
250296
250359
250425
250440
250512
250548
250572
250589
250651
250683
250712
250778
250787
250872
250910
250930
250949
250992
250997
251039
251060
251082
251706
251754
252058
252091
252218
252323
252527
252758
252874
252892
252922
253069
253074
253266
253324
253372
253386
253434
253488
253715
253728
253739
253866
253907
253969
254014
254087
254284
254362
254516
254770
256135
256279
256335
256544
256620
256625
256670
256757
256800
257094
257130
257196
257252
257306
257358
257387
257399
257406
257445
257463
257699
257750
257752
257824
258050
258104
258212
258214
258250
258338
258486
258491
258503
258516
258603
258698
258762
258818
258877
258884
258887
259301
259302
259328
259366
259435
259501
259550
259603
259641
259662
259681
259713
259757
259897
259946
260015
260024
260239
260309
260342
260472
260568
260642
260719
260873
260946
261059
261123
261150
261183
261192
261292
262728
262759
262779
262961
263046
263225
263275
263321
263368
263420
263628
263767
263832
263884
263899
264020
264053
264078
264094
264101
264152
264237
264262
264301
264340
264405
264447
264931
264993
265044
265163
265192
265452
265729
266385
266528
267483
267520
267588
267672
267771
267843
267856
268014
268041
268057
268068
268104
268115
268973
269299
269512
269748
270074
270076
270309
270311
270372
271034
271107
271109
271115
271232
271316
271413
271437
271438
271576
271577
271640
271738
271749
271751
271768
271801
271803
271815
271946
271970
271976
272032
272103
272109
272156
272168
272194
272206
272208
272621
272764
272784
273240
273294
273424
273425
273510
274042
274607
275086
275121
275429
275583
275731
275836
275912
276090
276421
276593
276620
276623
276637
276655
276702
276864
276887
276890
276898
277188
277190
277243
277449
277505
277545
277593
278252
278823
279198
279231
279232
279278
279404
279518
279646
279760
279800
279926
282347
282924
282935
282989
283087
283525
283596
284511
284850
285277
285293
285294
285296
285344
286042
286300
286323
286324
286800
286856
286898
286939
287096
287534
287585
287593
287646
287794
288106
288371
288388
288415
288446
288455
288488
288496
288586
288717
288809
288888
289017
289026
289102
289109
289126
289194
289195
289198
289201
289659
289750
289821
289930
290013
290104
290235
290285
290328
290351
290406
290444
290461
290498
290505
290537
290548
290552
290575
290615
290617
290618
290621
290682
290731
290766
290776
290831
290834
290848
290849
290896
290936
290952
290955
291010
291014
291025
291036
291054
291055
291059
291617
291638
291716
291733
291833
291889
291924
291994
292082
292099
292103
292137
292183
292320
292339
292365
292366
292413
292421
292435
292491
292494
292506
292516
292529
292594
292636
292661
292681
292780
292838
293026
293070
293081
293230
293289
293428
294140
294142
294200
294300
294351
294410
294420
294432
294441
294473
294501
295040
295074
295127
295657
295753
296314
296927
296989
297311
298488
298533
298925
298984
299255
299256
299274
299696
299739
300103
300136
300198
300203
300541
300557
300580
300731
300750
301959
302090
302091
302350
302600
302769
303143
303223
303251
303513
303779
304845
305120
305887
306208
306481
306484
306546
306789
306868
306955
307067
307071
307237
307264
307300
307303
307371
307397
307752
307753
308513
308830
308992
309001
309143
309485
309827
309931
310077
310133
310769
310818
310859
310892
310981
311010
311022
311052
311095
311104
311105
311117
311124
311147
311173
311180
311197
311205
311273
311351
311428
311435
311467
311518
311540
311589
311707
311745
311772
311829
311929
312148
312149
312161
312168
312223
312329
312355
312415
312451
312481
312559
312651
312745
312764
312799
312933
312996
313074
313146
313159
313201
313285
313315
313376
313732
313903
314074
314148
314153
314154
314205
314323
314339
314350
314352
314417
314452
314456
314486
314523
314618
314665
314678
314736
314741
314748
314751
314818
314829
314830
314988
314996
315065
315080
315081
315084
315105
315139
315284
315298
315410
315478
315548
315698
315736
316122
316453
316519
316613
316796
316817
316925
317032
317063
317081
317286
317713
317764
317820
318317
318341
318484
318546
318570
318603
318710
319612
319770
321036
321171
322904
322981
323004
323054
323151
323152
323175
323241
323383
323416
323468
323740
323818
323896
323975
324007
324092
324283
324286
324302
324332
324386
324752
324773
324814
324869
325078
325673
325698
325928
325967
326489
326529
326633
326635
326743
326864
326943
326979
326984
327331
328452
328540
329154
329194
329226
329343
329352
329472
329743
329808
330013
330207
330227
330363
330632
330634
330644
330655
330699
330739
330780
330999
331816
331838
331881
331921
332372
332445
333479
333537
334444
337331
337485
337664
337673
339815
341087
341371
341378
341446
341460
341662
342345
343698
343709
345347
345384
346179
